#
#Feature symbol names
#
$0 r15.748

#
#Layer features
#
L 0.12314961 0.14708661 0.12314961 0.11244094 0 P 10 
L 0.12314961 0.11244094 0.11181102 0.12629921 0 P 10 
L 0.11181102 0.12629921 0.09732283 0.13700787 0 P 10 
L 0.09732283 0.13700787 0.08094488 0.14393701 0 P 10 
L 0.08094488 0.14393701 0.06267717 0.14708661 0 P 10 
L 0.06267717 0.14708661 0.06519695 0.14708661 0 P 10 
L 0.06519695 0.14708661 0.04755886 0.14708661 0 P 10 
L 0.04755886 0.14708661 0.03055118 0.1407874 0 P 10 
L 0.03055118 0.1407874 0.01669291 0.12944882 0 P 10 
L 0.01669291 0.12944882 0.00787402 0.11307087 0 P 10 
L 0.00787402 0.11307087 0.00787402 0.11244094 0 P 10 
L 0.00787402 0.11244094 0.0103937 0.09417323 0 P 10 
L 0.0103937 0.09417323 0.0223622 0.08094488 0 P 10 
L 0.0223622 0.08094488 0.03937008 0.07716545 0 P 10 
L 0.03937008 0.07716545 0.04251969 0.07716545 0 P 10 
L 0.04251969 0.07716545 0.08850394 0.07716545 0 P 10 
L 0.12314961 0.03685039 0.12062992 0.05448819 0 P 10 
L 0.12062992 0.05448819 0.10929134 0.06897638 0 P 10 
L 0.10929134 0.06897638 0.09354331 0.07653524 0 P 10 
L 0.09354331 0.07653524 0.08850394 0.07716545 0 P 10 
L 0.08850394 0.00787402 0.10551181 0.01480295 0 P 10 
L 0.10551181 0.01480295 0.11811024 0.02740157 0 P 10 
L 0.11811024 0.02740157 0.12314961 0.03685039 0 P 10 
L 0.00787402 0.04251969 0.0192126 0.02866142 0 P 10 
L 0.0192126 0.02866142 0.03370079 0.01795276 0 P 10 
L 0.03370079 0.01795276 0.05070866 0.01102362 0 P 10 
L 0.05070866 0.01102362 0.06834646 0.00724409 0 P 10 
L 0.06834646 0.00724409 0.08661417 0.00787402 0 P 10 
L 0.08661417 0.00787402 0.08850394 0.00787402 0 P 10 
L 0.00787402 0.04251969 0.00787402 0.00787402 0 P 10 
L 0.22771654 0.14708661 0.2503937 0.14708661 0 P 10 
L 0.22771654 0.00787402 0.2503937 0.00787402 0 P 10 
L 0.23905512 0.14708661 0.23905512 0.00787402 0 P 10 
L 0.35496063 0.14708661 0.37826772 0.14708661 0 P 10 
L 0.36629921 0.14708661 0.36629921 0.00787402 0 P 10 
L 0.35496063 0.00787402 0.47086614 0.00787402 0 P 10 
L 0.47086614 0.00787402 0.47086614 0.0311811 0 P 10 
L 0.52818907 0.14708661 0.55149606 0.14708661 0 P 10 
L 0.6207874 0.14708661 0.64409449 0.14708661 0 P 10 
L 0.52818907 0.00787402 0.55149606 0.00787402 0 P 10 
L 0.63275591 0.14708661 0.54015748 0.05448819 0 P 10 
L 0.54015748 0.14708661 0.54015748 0.00787402 0 P 10 
L 0.64409449 0.00787402 0.63275591 0.00787402 0 P 10 
L 0.57480305 0.08913386 0.63275591 0.00787402 0 P 10 
L 0.98267717 0.1584252 0.84346457 0.1584252 0 P 10 
L 0.93606299 0.18173228 0.93606299 0.13574803 0 P 10 
L 0.89007874 0.18173228 0.89007874 0.13574803 0 P 10 
L 0.97070866 0.10047244 0.97070866 0.0311811 0 P 10 
L 0.97070866 0.10047244 0.85543307 0.10047244 0 P 10 
L 0.85543307 0.10047244 0.85543307 0.0311811 0 P 10 
L 0.85543307 0.0311811 0.97070866 0.0311811 0 P 10 
L 0.91338583 0.11244094 0.91338583 0.0311811 0 P 10 
L 0.97070866 0.06582677 0.85543307 0.06582677 0 P 10 
L 0.99401575 0.12377953 0.83212598 0.12377953 0 P 10 
L 0.95937008 0.00787402 0.94929134 0.02299213 0 P 10 
L 0.94929134 0.02299213 0.9480315 0.0311811 0 P 10 
L 0.95937008 0.00787402 0.98267717 0.00787402 0 P 10 
L 0.87811024 0.0311811 0.87307087 0.01417323 0 P 10 
L 0.87307087 0.01417323 0.86677165 0.00787402 0 P 10 
L 0.86677165 0.00787402 0.84346457 0.00787402 0 P 10 
