1476 1534 6.3779528 4.4596457 0 4196
1534 1594 6.4586614 1.4025591 0 4197
1594 1653 6.5393701 1.4025591 0 4198
1653 1710 6.3779528 1.4360236 0 4199
1710 1770 6.4586614 1.4360236 0 4200
1770 1829 6.5393701 1.4360236 0 4201
1829 1888 6.4586614 1.8224409 0 4202
1888 1947 6.4586614 1.8559055 0 4203
1947 2006 6.4586614 1.8893701 0 4204
2006 2067 6.4419291 1.9061024 0 4205
2067 2128 6.4084646 1.9061024 0 4206
2128 2189 6.4753937 1.9061024 0 4207
2189 2250 6.5088583 1.9061024 0 4208
2250 2311 6.4482283 0.5005906 0 4209
2311 2372 6.4147638 0.5005906 0 4210
2372 2433 6.3812992 0.5005906 0 4211
2433 2494 6.3478346 0.5005906 0 4212
2494 2555 6.3143701 0.5005906 0 4213
2555 2616 6.2809055 0.5005906 0 4214
2616 2677 6.2474409 0.5005906 0 4215
2677 2738 6.2139764 0.5005906 0 4216
2738 2797 6.2307087 0.4838583 0 4217
2797 2856 6.1972441 0.4838583 0 4218
2856 2917 6.2139764 0.467126 0 4219
2917 2976 6.2307087 0.4503937 0 4220
2976 3035 6.1972441 0.4503937 0 4221
3035 3096 6.2139764 0.4336614 0 4222
3096 3155 6.2307087 0.4169291 0 4223
3155 3214 6.1972441 0.4169291 0 4224
3214 3275 6.2139764 0.4001969 0 4225
3275 3333 6.2307087 0.3834646 0 4226
3333 3391 6.1972441 0.3834646 0 4227
3391 3451 6.2139764 0.3667323 0 4228
3451 3509 6.2307087 0.35 0 4229
3509 3567 6.1972441 0.35 0 4230
3567 3627 6.2139764 0.3332677 0 4231
3627 3686 6.2307087 0.5173228 0 4232
3686 3745 6.1972441 0.5173228 0 4233
3745 3806 6.2139764 0.5340551 0 4234
3806 3865 6.2307087 0.5507874 0 4235
3865 3924 6.1972441 0.5507874 0 4236
3924 3985 6.2139764 0.5675197 0 4237
3985 4044 6.2307087 0.584252 0 4238
4044 4103 6.1972441 0.584252 0 4239
4103 4164 6.2139764 0.6009843 0 4240
4164 4223 6.2307087 0.6177165 0 4241
4223 4282 6.1972441 0.6177165 0 4242
4282 4343 6.2139764 0.6344488 0 4243
4343 4402 6.2307087 0.6511811 0 4244
4402 4461 6.1972441 0.6511811 0 4245
4461 4522 6.2139764 0.6679134 0 4246
4522 4582 6.2474409 0.3332677 0 4247
4582 4642 6.2809055 0.3332677 0 4248
4642 4702 6.3143701 0.3332677 0 4249
4702 4762 6.3478346 0.3332677 0 4250
4762 4822 6.3812992 0.3332677 0 4251
4822 4882 6.4147638 0.3332677 0 4252
4882 4942 6.4482283 0.3332677 0 4253
4942 5003 6.2474409 0.6679134 0 4254
5003 5064 6.2809055 0.6679134 0 4255
5064 5125 6.3143701 0.6679134 0 4256
5125 5186 6.3478346 0.6679134 0 4257
5186 5247 6.3812992 0.6679134 0 4258
5247 5308 6.4147638 0.6679134 0 4259
5308 5369 6.4482283 0.6679134 0 4260
5369 5430 6.1805118 0.4336614 0 4261
5430 5491 6.1805118 0.5675197 0 4262
5491 5550 5.5169291 2.3956693 0 4263
5550 5606 5.5169291 2.3622047 0 4264
5606 5667 5.5336614 2.378937 0 4265
5667 5728 5.567126 2.378937 0 4266
5728 5789 5.5001969 2.378937 0 4267
5789 5848 5.5169291 2.3287402 0 4268
5848 5909 5.4667323 2.378937 0 4269
5909 5967 5.5169291 2.4291339 0 4270
5967 6027 7.6753937 1.403937 0 4271
6027 6087 7.6419291 1.403937 0 4272
6087 6147 7.6084646 1.403937 0 4273
6147 6207 7.5917323 1.3872047 0 4274
6207 6267 7.5917323 1.3537402 0 4275
6267 6327 7.5917323 1.4206693 0 4276
6327 6387 7.5917323 1.4541339 0 4277
6387 6446 8.1834646 1.446063 0 4278
6446 6505 8.1834646 1.4125984 0 4279
6505 6564 8.1834646 1.3791339 0 4280
6564 6625 8.2001969 1.3624016 0 4281
6625 6686 8.2336614 1.3624016 0 4282
6686 6747 8.1667323 1.3624016 0 4283
6747 6808 8.1332677 1.3624016 0 4284
6808 6869 7.6753937 1.8824803 0 4285
6869 6930 7.6419291 1.8824803 0 4286
6930 6991 7.6084646 1.8824803 0 4287
6991 7050 7.5917323 1.865748 0 4288
7050 7109 7.5917323 1.8322835 0 4289
7109 7168 7.5917323 1.8992126 0 4290
7168 7227 7.5917323 1.9326772 0 4291
7227 7287 8.1834646 1.9246063 0 4292
7287 7347 8.1834646 1.8911417 0 4293
7347 7407 8.1834646 1.8576772 0 4294
7407 7467 8.2001969 1.8409449 0 4295
7467 7527 8.2336614 1.8409449 0 4296
7527 7587 8.1667323 1.8409449 0 4297
7587 7647 8.1332677 1.8409449 0 4298
7647 7707 7.6753937 2.3610236 0 4299
7707 7767 7.6419291 2.3610236 0 4300
7767 7827 7.6084646 2.3610236 0 4301
7827 7887 7.5917323 2.3442913 0 4302
7887 7947 7.5917323 2.3108268 0 4303
7947 8007 7.5917323 2.3777559 0 4304
8007 8067 7.5917323 2.4112205 0 4305
8067 8126 8.1834646 2.4031496 0 4306
8126 8185 8.1834646 2.369685 0 4307
8185 8244 8.1834646 2.3362205 0 4308
8244 8305 8.2001969 2.3194882 0 4309
8305 8366 8.2336614 2.3194882 0 4310
8366 8427 8.1667323 2.3194882 0 4311
8427 8488 8.1332677 2.3194882 0 4312
8488 8546 2.8070866 1.6033465 0 4313
8546 8605 2.726378 1.6033465 0 4314
8605 8663 2.6456693 1.6033465 0 4315
8663 8721 2.8070866 1.5698819 0 4316
8721 8780 2.726378 1.5698819 0 4317
8780 8838 2.6456693 1.5698819 0 4318
8838 8896 2.726378 1.1834646 0 4319
8896 8954 2.726378 1.15 0 4320
8954 9012 2.726378 1.1165354 0 4321
9012 9072 2.7431102 1.0998031 0 4322
9072 9132 2.7765748 1.0998031 0 4323
9132 9192 2.7096457 1.0998031 0 4324
9192 9252 2.6761811 1.0998031 0 4325
9252 9312 2.736811 2.505315 0 4326
9312 9372 2.7702756 2.505315 0 4327
9372 9432 2.8037402 2.505315 0 4328
9432 9492 2.8372047 2.505315 0 4329
9492 9552 2.8706693 2.505315 0 4330
9552 9612 2.9041339 2.505315 0 4331
9612 9672 2.9375984 2.505315 0 4332
9672 9732 2.971063 2.505315 0 4333
9732 9790 2.9543307 2.5220472 0 4334
9790 9848 2.9877953 2.5220472 0 4335
9848 9908 2.971063 2.5387795 0 4336
9908 9966 2.9543307 2.5555118 0 4337
9966 10024 2.9877953 2.5555118 0 4338
10024 10084 2.971063 2.5722441 0 4339
10084 10142 2.9543307 2.5889764 0 4340
10142 10200 2.9877953 2.5889764 0 4341
10200 10260 2.971063 2.6057087 0 4342
10260 10318 2.9543307 2.6224409 0 4343
10318 10376 2.9877953 2.6224409 0 4344
10376 10436 2.971063 2.6391732 0 4345
10436 10494 2.9543307 2.6559055 0 4346
10494 10552 2.9877953 2.6559055 0 4347
10552 10612 2.971063 2.6726378 0 4348
10612 10670 2.9543307 2.4885827 0 4349
10670 10728 2.9877953 2.4885827 0 4350
10728 10788 2.971063 2.4718504 0 4351
10788 10846 2.9543307 2.4551181 0 4352
10846 10904 2.9877953 2.4551181 0 4353
10904 10964 2.971063 2.4383858 0 4354
10964 11022 2.9543307 2.4216535 0 4355
11022 11080 2.9877953 2.4216535 0 4356
11080 11140 2.971063 2.4049213 0 4357
11140 11198 2.9543307 2.388189 0 4358
11198 11256 2.9877953 2.388189 0 4359
11256 11316 2.971063 2.3714567 0 4360
11316 11374 2.9543307 2.3547244 0 4361
11374 11432 2.9877953 2.3547244 0 4362
11432 11492 2.971063 2.3379921 0 4363
11492 11552 2.9375984 2.6726378 0 4364
11552 11612 2.9041339 2.6726378 0 4365
11612 11672 2.8706693 2.6726378 0 4366
11672 11732 2.8372047 2.6726378 0 4367
11732 11792 2.8037402 2.6726378 0 4368
11792 11852 2.7702756 2.6726378 0 4369
11852 11912 2.736811 2.6726378 0 4370
11912 11972 2.9375984 2.3379921 0 4371
11972 12032 2.9041339 2.3379921 0 4372
12032 12092 2.8706693 2.3379921 0 4373
12092 12152 2.8372047 2.3379921 0 4374
12152 12212 2.8037402 2.3379921 0 4375
12212 12272 2.7702756 2.3379921 0 4376
12272 12332 2.736811 2.3379921 0 4377
12332 12392 3.0045276 2.5722441 0 4378
12392 12452 3.0045276 2.4383858 0 4379
12452 12509 3.6681102 0.6102362 0 4380
12509 12567 3.6681102 0.6437008 0 4381
12567 12627 3.651378 0.6269685 0 4382
12627 12687 3.6179134 0.6269685 0 4383
12687 12747 3.6848425 0.6269685 0 4384
12747 12804 3.6681102 0.6771654 0 4385
12804 12864 3.7183071 0.6269685 0 4386
12864 12922 3.6681102 0.5767717 0 4387
12922 12981 1.5096457 1.6019685 0 4388
12981 13040 1.5431102 1.6019685 0 4389
13040 13099 1.5765748 1.6019685 0 4390
13099 13158 1.5933071 1.6187008 0 4391
13158 13217 1.5933071 1.6521654 0 4392
13217 13276 1.5933071 1.5852362 0 4393
13276 13335 1.5933071 1.5517717 0 4394
13335 13393 1.0015748 1.5598425 0 4395
13393 13451 1.0015748 1.5933071 0 4396
13451 13509 1.0015748 1.6267717 0 4397
13509 13569 0.9848425 1.6435039 0 4398
13569 13629 0.951378 1.6435039 0 4399
13629 13689 1.0183071 1.6435039 0 4400
13689 13749 1.0517717 1.6435039 0 4401
13749 13809 1.5096457 1.1234252 0 4402
13809 13869 1.5431102 1.1234252 0 4403
13869 13929 1.5765748 1.1234252 0 4404
13929 13987 1.5933071 1.1401575 0 4405
13987 14045 1.5933071 1.173622 0 4406
14045 14103 1.5933071 1.1066929 0 4407
14103 14161 1.5933071 1.0732283 0 4408
14161 14220 1.0015748 1.0812992 0 4409
14220 14279 1.0015748 1.1147638 0 4410
14279 14338 1.0015748 1.1482283 0 4411
14338 14397 0.9848425 1.1649606 0 4412
14397 14456 0.951378 1.1649606 0 4413
14456 14515 1.0183071 1.1649606 0 4414
14515 14574 1.0517717 1.1649606 0 4415
14574 14633 1.5096457 0.6448819 0 4416
14633 14692 1.5431102 0.6448819 0 4417
14692 14751 1.5765748 0.6448819 0 4418
14751 14810 1.5933071 0.6616142 0 4419
14810 14869 1.5933071 0.6950787 0 4420
14869 14928 1.5933071 0.6281496 0 4421
14928 14987 1.5933071 0.594685 0 4422
14987 15045 1.0015748 0.6027559 0 4423
15045 15103 1.0015748 0.6362205 0 4424
15103 15161 1.0015748 0.669685 0 4425
15161 15221 0.9848425 0.6864173 0 4426
15221 15281 0.951378 0.6864173 0 4427
15281 15341 1.0183071 0.6864173 0 4428
15341 15401 1.0517717 0.6864173 0 4429
15401 15462 2.971063 5.5958661 0 4430
15462 15523 6.4586614 4.4596457 0 4431
15523 15583 6.5393701 4.4596457 0 4432
15583 15641 6.3779528 4.4931102 0 4433
15641 15702 6.4586614 4.4931102 0 4434
15702 15762 6.5393701 4.4931102 0 4435
15762 15822 6.4586614 4.8795276 0 4436
15822 15882 6.4586614 4.9129921 0 4437
15882 15942 6.4586614 4.9464567 0 4438
15942 16004 6.4419291 4.963189 0 4439
16004 16066 6.4084646 4.963189 0 4440
16066 16128 6.4753937 4.963189 0 4441
16128 16190 6.5088583 4.963189 0 4442
16190 16251 6.4482283 3.5576772 0 4443
16251 16312 6.4147638 3.5576772 0 4444
16312 16373 6.3812992 3.5576772 0 4445
16373 16434 6.3478346 3.5576772 0 4446
16434 16495 6.3143701 3.5576772 0 4447
16495 16556 6.2809055 3.5576772 0 4448
16556 16617 6.2474409 3.5576772 0 4449
16617 16678 6.2139764 3.5576772 0 4450
16678 16737 6.2307087 3.5409449 0 4451
16737 16796 6.1972441 3.5409449 0 4452
16796 16857 6.2139764 3.5242126 0 4453
16857 16916 6.2307087 3.5074803 0 4454
16916 16975 6.1972441 3.5074803 0 4455
16975 17036 6.2139764 3.490748 0 4456
17036 17095 6.2307087 3.4740157 0 4457
17095 17154 6.1972441 3.4740157 0 4458
17154 17215 6.2139764 3.4572835 0 4459
17215 17274 6.2307087 3.4405512 0 4460
17274 17333 6.1972441 3.4405512 0 4461
17333 17394 6.2139764 3.4238189 0 4462
17394 17453 6.2307087 3.4070866 0 4463
17453 17512 6.1972441 3.4070866 0 4464
17512 17573 6.2139764 3.3903543 0 4465
17573 17632 6.2307087 3.5744094 0 4466
17632 17691 6.1972441 3.5744094 0 4467
17691 17752 6.2139764 3.5911417 0 4468
17752 17811 6.2307087 3.607874 0 4469
17811 17870 6.1972441 3.607874 0 4470
17870 17931 6.2139764 3.6246063 0 4471
17931 17990 6.2307087 3.6413386 0 4472
17990 18049 6.1972441 3.6413386 0 4473
18049 18110 6.2139764 3.6580709 0 4474
18110 18169 6.2307087 3.6748031 0 4475
18169 18228 6.1972441 3.6748031 0 4476
18228 18289 6.2139764 3.6915354 0 4477
18289 18348 6.2307087 3.7082677 0 4478
18348 18407 6.1972441 3.7082677 0 4479
18407 18468 6.2139764 3.725 0 4480
18468 18529 6.2474409 3.3903543 0 4481
18529 18590 6.2809055 3.3903543 0 4482
18590 18651 6.3143701 3.3903543 0 4483
18651 18712 6.3478346 3.3903543 0 4484
18712 18773 6.3812992 3.3903543 0 4485
18773 18834 6.4147638 3.3903543 0 4486
18834 18895 6.4482283 3.3903543 0 4487
18895 18956 6.2474409 3.725 0 4488
18956 19017 6.2809055 3.725 0 4489
19017 19078 6.3143701 3.725 0 4490
19078 19139 6.3478346 3.725 0 4491
19139 19200 6.3812992 3.725 0 4492
19200 19261 6.4147638 3.725 0 4493
19261 19322 6.4482283 3.725 0 4494
19322 19383 6.1805118 3.490748 0 4495
19383 19444 6.1805118 3.6246063 0 4496
19444 19503 5.5169291 5.4527559 0 4497
19503 19563 5.5169291 5.4192913 0 4498
19563 19625 5.5336614 5.4360236 0 4499
19625 19687 5.567126 5.4360236 0 4500
19687 19749 5.5001969 5.4360236 0 4501
19749 19808 5.5169291 5.3858268 0 4502
19808 19870 5.4667323 5.4360236 0 4503
19870 19930 5.5169291 5.4862205 0 4504
19930 19991 7.6753937 4.4610236 0 4505
19991 20052 7.6419291 4.4610236 0 4506
20052 20113 7.6084646 4.4610236 0 4507
20113 20174 7.5917323 4.4442913 0 4508
20174 20235 7.5917323 4.4108268 0 4509
20235 20296 7.5917323 4.4777559 0 4510
20296 20357 7.5917323 4.5112205 0 4511
20357 20417 8.1834646 4.5031496 0 4512
20417 20477 8.1834646 4.469685 0 4513
20477 20537 8.1834646 4.4362205 0 4514
20537 20599 8.2001969 4.4194882 0 4515
20599 20661 8.2336614 4.4194882 0 4516
20661 20723 8.1667323 4.4194882 0 4517
20723 20785 8.1332677 4.4194882 0 4518
20785 20847 7.6753937 4.9395669 0 4519
20847 20909 7.6419291 4.9395669 0 4520
20909 20971 7.6084646 4.9395669 0 4521
20971 21031 7.5917323 4.9228346 0 4522
21031 21091 7.5917323 4.8893701 0 4523
21091 21151 7.5917323 4.9562992 0 4524
21151 21211 7.5917323 4.9897638 0 4525
21211 21272 8.1834646 4.9816929 0 4526
21272 21333 8.1834646 4.9482283 0 4527
21333 21394 8.1834646 4.9147638 0 4528
21394 21455 8.2001969 4.8980315 0 4529
21455 21516 8.2336614 4.8980315 0 4530
21516 21577 8.1667323 4.8980315 0 4531
21577 21638 8.1332677 4.8980315 0 4532
21638 21699 7.6753937 5.4181102 0 4533
21699 21760 7.6419291 5.4181102 0 4534
21760 21821 7.6084646 5.4181102 0 4535
21821 21882 7.5917323 5.401378 0 4536
21882 21943 7.5917323 5.3679134 0 4537
21943 22004 7.5917323 5.4348425 0 4538
22004 22065 7.5917323 5.4683071 0 4539
22065 22125 8.1834646 5.4602362 0 4540
22125 22185 8.1834646 5.4267717 0 4541
22185 22245 8.1834646 5.3933071 0 4542
22245 22307 8.2001969 5.3765748 0 4543
22307 22369 8.2336614 5.3765748 0 4544
22369 22431 8.1667323 5.3765748 0 4545
22431 22493 8.1332677 5.3765748 0 4546
22493 22552 2.8070866 4.6604331 0 4547
22552 22612 2.726378 4.6604331 0 4548
22612 22671 2.6456693 4.6604331 0 4549
22671 22730 2.8070866 4.6269685 0 4550
22730 22790 2.726378 4.6269685 0 4551
22790 22849 2.6456693 4.6269685 0 4552
22849 22908 2.726378 4.2405512 0 4553
22908 22967 2.726378 4.2070866 0 4554
22967 23026 2.726378 4.173622 0 4555
23026 23087 2.7431102 4.1568898 0 4556
23087 23148 2.7765748 4.1568898 0 4557
23148 23209 2.7096457 4.1568898 0 4558
23209 23270 2.6761811 4.1568898 0 4559
23270 23331 2.736811 5.5624016 0 4560
23331 23392 2.7702756 5.5624016 0 4561
23392 23453 2.8037402 5.5624016 0 4562
23453 23514 2.8372047 5.5624016 0 4563
23514 23575 2.8706693 5.5624016 0 4564
23575 23636 2.9041339 5.5624016 0 4565
23636 23697 2.9375984 5.5624016 0 4566
23697 23758 2.971063 5.5624016 0 4567
23758 23817 2.9543307 5.5791339 0 4568
23817 23876 2.9877953 5.5791339 0 4569
23876 23933 6.3779528 1.4025591 0 4570
23933 23992 2.9543307 5.6125984 0 4571
23992 24051 2.9877953 5.6125984 0 4572
24051 24112 2.971063 5.6293307 0 4573
24112 24171 2.9543307 5.646063 0 4574
24171 24230 2.9877953 5.646063 0 4575
24230 24291 2.971063 5.6627953 0 4576
24291 24350 2.9543307 5.6795276 0 4577
24350 24409 2.9877953 5.6795276 0 4578
24409 24470 2.971063 5.6962598 0 4579
24470 24529 2.9543307 5.7129921 0 4580
24529 24588 2.9877953 5.7129921 0 4581
24588 24649 2.971063 5.7297244 0 4582
24649 24708 2.9543307 5.5456693 0 4583
24708 24767 2.9877953 5.5456693 0 4584
24767 24828 2.971063 5.528937 0 4585
24828 24887 2.9543307 5.5122047 0 4586
24887 24946 2.9877953 5.5122047 0 4587
24946 25007 2.971063 5.4954724 0 4588
25007 25066 2.9543307 5.4787402 0 4589
25066 25125 2.9877953 5.4787402 0 4590
25125 25186 2.971063 5.4620079 0 4591
25186 25245 2.9543307 5.4452756 0 4592
25245 25304 2.9877953 5.4452756 0 4593
25304 25365 2.971063 5.4285433 0 4594
25365 25424 2.9543307 5.411811 0 4595
25424 25483 2.9877953 5.411811 0 4596
25483 25544 2.971063 5.3950787 0 4597
25544 25605 2.9375984 5.7297244 0 4598
25605 25666 2.9041339 5.7297244 0 4599
25666 25727 2.8706693 5.7297244 0 4600
25727 25788 2.8372047 5.7297244 0 4601
25788 25849 2.8037402 5.7297244 0 4602
25849 25910 2.7702756 5.7297244 0 4603
25910 25971 2.736811 5.7297244 0 4604
25971 26032 2.9375984 5.3950787 0 4605
26032 26093 2.9041339 5.3950787 0 4606
26093 26154 2.8706693 5.3950787 0 4607
26154 26215 2.8372047 5.3950787 0 4608
26215 26276 2.8037402 5.3950787 0 4609
26276 26337 2.7702756 5.3950787 0 4610
26337 26398 2.736811 5.3950787 0 4611
26398 26459 3.0045276 5.6293307 0 4612
26459 26520 3.0045276 5.4954724 0 4613
26520 26578 3.6681102 3.6673228 0 4614
26578 26633 3.6681102 3.7007874 0 4615
26633 26693 3.651378 3.6840551 0 4616
26693 26753 3.6179134 3.6840551 0 4617
26753 26813 3.6848425 3.6840551 0 4618
26813 26871 3.6681102 3.734252 0 4619
26871 26931 3.7183071 3.6840551 0 4620
26931 26988 3.6681102 3.6338583 0 4621
26988 27048 1.5096457 4.6590551 0 4622
27048 27108 1.5431102 4.6590551 0 4623
27108 27168 1.5765748 4.6590551 0 4624
27168 27228 1.5933071 4.6757874 0 4625
27228 27288 1.5933071 4.709252 0 4626
27288 27348 1.5933071 4.6423228 0 4627
27348 27408 1.5933071 4.6088583 0 4628
27408 27467 1.0015748 4.6169291 0 4629
27467 27526 1.0015748 4.6503937 0 4630
27526 27585 1.0015748 4.6838583 0 4631
27585 27646 0.9848425 4.7005906 0 4632
27646 27707 0.951378 4.7005906 0 4633
27707 27768 1.0183071 4.7005906 0 4634
27768 27829 1.0517717 4.7005906 0 4635
27829 27890 1.5096457 4.1805118 0 4636
27890 27951 1.5431102 4.1805118 0 4637
27951 28012 1.5765748 4.1805118 0 4638
28012 28071 1.5933071 4.1972441 0 4639
28071 28130 1.5933071 4.2307087 0 4640
28130 28189 1.5933071 4.1637795 0 4641
28189 28248 1.5933071 4.130315 0 4642
28248 28308 1.0015748 4.1383858 0 4643
28308 28368 1.0015748 4.1718504 0 4644
28368 28428 1.0015748 4.205315 0 4645
28428 28488 0.9848425 4.2220472 0 4646
28488 28548 0.951378 4.2220472 0 4647
28548 28608 1.0183071 4.2220472 0 4648
28608 28668 1.0517717 4.2220472 0 4649
28668 28727 1.5096457 3.7019685 0 4650
28727 28786 1.5431102 3.7019685 0 4651
28786 28845 1.5765748 3.7019685 0 4652
28845 28904 1.5933071 3.7187008 0 4653
28904 28963 1.5933071 3.7521654 0 4654
28963 29022 1.5933071 3.6852362 0 4655
29022 29081 1.5933071 3.6517717 0 4656
29081 29139 1.0015748 3.6598425 0 4657
29139 29197 1.0015748 3.6933071 0 4658
29197 29255 1.0015748 3.7267717 0 4659
29255 29315 0.9848425 3.7435039 0 4660
29315 29375 0.951378 3.7435039 0 4661
29375 29435 1.0183071 3.7435039 0 4662
29435 29495 1.0517717 3.7435039 0 4663
