#
#Feature symbol names
#
$0 r13.78

#
#Layer features
#
L 0.01251998 0.12515699 0.01251998 0.16503898 0 P 11 
L 0.01251998 0.16503898 0.13350404 0.16503898 0 P 11 
L 0.13350404 0.16503898 0.13350404 0.12515699 0 P 11 
L 0.073031 0.19322795 0.073031 0.16503898 0 P 11 
L 0.04543297 0.10846496 0.03748002 0.05779498 0 P 11 
L 0.03748002 0.05779498 0.031575 0.04732303 0 P 11 
L 0.031575 0.04732303 0.021575 0.02956703 0 P 11 
L 0.021575 0.02956703 0.00885797 0.00976398 0 P 11 
L 0.08212598 0.11413396 0.10283504 0.11413396 0 P 11 
L 0.10283504 0.11413396 0.10283504 0.08035404 0 P 11 
L 0.10283504 0.08035404 0.11873996 0.02956703 0 P 11 
L 0.11873996 0.02956703 0.14259803 0.00976398 0 P 11 
L 0.23905502 0.02145699 0.23905502 0.00885797 0 P 11 
L 0.32023602 0.14188996 0.32023602 0.07980295 0 P 11 
L 0.32023602 0.07980295 0.31027598 0.043031 0 P 11 
L 0.31027598 0.043031 0.29633898 0.02330699 0 P 11 
L 0.29633898 0.02330699 0.280394 0.00921299 0 P 11 
L 0.32023602 0.07980295 0.33011801 0.043031 0 P 11 
L 0.33011801 0.043031 0.34606299 0.02330699 0 P 11 
L 0.34606299 0.02330699 0.365906 0.00921299 0 P 11 
L 0.23905502 0.19830699 0.23905502 0.13232303 0 P 11 
L 0.23905502 0.12779498 0.25889803 0.085394 0 P 11 
L 0.20921299 0.15035404 0.25889803 0.15035404 0 P 11 
L 0.23905502 0.15035404 0.23484301 0.13232303 0 P 11 
L 0.23484301 0.13232303 0.229094 0.10791299 0 P 11 
L 0.229094 0.10791299 0.21913396 0.07980295 0 P 11 
L 0.21913396 0.07980295 0.20921299 0.057244 0 P 11 
L 0.23905502 0.13232303 0.23905502 0.02145699 0 P 11 
L 0.280394 0.136181 0.30027598 0.16448799 0 P 11 
L 0.30027598 0.16448799 0.32023602 0.19830699 0 P 11 
L 0.32023602 0.19830699 0.34011801 0.16448799 0 P 11 
L 0.34011801 0.16448799 0.36992096 0.136181 0 P 11 
L 0.290394 0.11358297 0.290394 0.07980295 0 P 11 
L 0.290394 0.07980295 0.35 0.07980295 0 P 11 
L 0.35 0.07980295 0.35 0.11358297 0 P 11 
L 0.35 0.11358297 0.290394 0.11358297 0 P 11 
L 0.29633898 0.14188996 0.34606299 0.14188996 0 P 11 
L 0.44594498 0.19322795 0.44594498 0.066181 0 P 11 
L 0.44594498 0.066181 0.438031 0.03791299 0 P 11 
L 0.438031 0.03791299 0.43007904 0.015394 0 P 11 
L 0.44594498 0.13673199 0.56551201 0.13673199 0 P 11 
L 0.44594498 0.08035404 0.56551201 0.08035404 0 P 11 
L 0.56551201 0.19322795 0.44594498 0.19322795 0 P 11 
L 0.50610197 0.19322795 0.50610197 0.00976398 0 P 11 
L 0.54956703 0.02385797 0.56551201 0.00976398 0 P 11 
L 0.56551201 0.00976398 0.56551201 0.19322795 0 P 11 
