#
#Feature symbol names
#
$0 r15.748

#
#Layer features
#
L 0.02948819 0.05110197 0.02948819 0.05110197 0 P 10 
L 0.02948819 0.05110197 0.02948819 0.017244 0 P 10 
L 0.02948819 0.017244 0.0715752 0.017244 0 P 10 
L 0.0715752 0.017244 0.0715752 0.05110197 0 P 10 
L 0.0715752 0.05110197 0.02948819 0.05110197 0 P 10 
L 0.08563022 0.00492096 0.08563022 0.00492096 0 P 10 
L 0.08563022 0.00492096 0.08563022 0.109606 0 P 10 
L 0.08563022 0.109606 0.12066919 0.109606 0 P 10 
L 0.12066919 0.109606 0.10381919 0.07114203 0 P 10 
L 0.10381919 0.07114203 0.12066919 0.05110197 0 P 10 
L 0.12066919 0.05110197 0.12066919 0.035669 0 P 10 
L 0.12066919 0.035669 0.11366122 0.02496102 0 P 10 
L 0.11366122 0.02496102 0.09964518 0.02035394 0 P 10 
L 0.01870118 0.11803199 0.00787421 0.106181 0 P 10 
L 0.00787421 0.106181 0.00787421 0.01133898 0 P 10 
L 0.00787421 0.01133898 0.01870118 -0.00051201 0 P 10 
L 0.13212618 0.11803199 0.14291319 0.106181 0 P 10 
L 0.14291319 0.106181 0.14291319 0.01133898 0 P 10 
L 0.14291319 0.01133898 0.13212618 -0.00051201 0 P 10 
L 0.02248022 0.07114203 0.02248022 0.07114203 0 P 10 
L 0.02248022 0.07114203 0.07858219 0.07114203 0 P 10 
L 0.03653524 0.10188996 0.03653524 0.10188996 0 P 10 
L 0.03653524 0.10188996 0.04074823 0.07114203 0 P 10 
L 0.02669321 0.10188996 0.02669321 0.10188996 0 P 10 
L 0.02669321 0.10188996 0.07858219 0.10188996 0 P 10 
L 0.06456722 0.10188996 0.06456722 0.10188996 0 P 10 
L 0.06456722 0.10188996 0.06173219 0.07114203 0 P 10 
L 0.0505122 0.11732303 0.0505122 0.11732303 0 P 10 
L 0.0505122 0.11732303 0.0505122 0.10188996 0 P 10 
