#
#Feature symbol names
#
$0 r0.039

#
#Layer features
#
L 8.22185039 3.00590551 8.24645669 3.00590551 0 P 1 
A 8.24645669 3.00590551 8.24645669 3.05708661 8.24645669 3.03149606 0 P 2 N
L 8.24645669 3.05708661 6.99940945 3.05708661 0 P 3 
A 6.99940945 3.05708661 6.99940945 3.00590551 6.99940945 3.03149606 0 P 2 N
L 6.99940945 3.00590551 8.22185039 3.00590551 0 P 4 
L 6.81948819 3.00590551 6.85177165 3.00590551 0 P 5 
A 6.85177165 3.00590551 6.85177165 3.05708661 6.85177165 3.03149606 0 P 2 N
L 6.85177165 3.05708661 5.59704724 3.05708661 0 P 6 
A 5.59704724 3.05708661 5.59704724 3.00590551 5.59704724 3.03149606 0 P 2 N
L 5.59704724 3.00590551 6.81948819 3.00590551 0 P 4 
L 2.40492126 3.00590551 3.6273622 3.00590551 0 P 4 
A 3.6273622 3.00590551 3.6273622 3.05708661 3.6273622 3.03149606 0 P 2 N
L 3.6273622 3.05708661 2.3726378 3.05708661 0 P 6 
A 2.3726378 3.05708661 2.3726378 3.00590551 2.3726378 3.03149606 0 P 2 N
L 2.3726378 3.00590551 2.40492126 3.00590551 0 P 5 
L 1.00255906 3.00590551 2.225 3.00590551 0 P 4 
A 2.225 3.00590551 2.225 3.05708661 2.225 3.03149606 0 P 2 N
L 2.225 3.05708661 0.97795276 3.05708661 0 P 3 
A 0.97795276 3.05708661 0.97795276 3.00590551 0.97795276 3.03149606 0 P 2 N
L 0.97795276 3.00590551 1.00255906 3.00590551 0 P 1 
L 4.61811024 1.39586614 4.61811024 1.42814961 0 P 5 
A 4.61811024 1.42814961 4.59251969 1.45374016 4.59251969 1.42814961 0 P 7 N
A 4.59251969 1.45374016 4.56692913 1.42814961 4.59251969 1.42814961 0 P 7 N
L 4.56692913 1.42814961 4.56692913 0.82598425 0 P 8 
A 4.56692913 0.82598425 4.59251969 0.8003937 4.59251969 0.82598425 0 P 7 N
A 4.59251969 0.8003937 4.61811024 0.82598425 4.59251969 0.82598425 0 P 7 N
L 4.61811024 0.82598425 4.61811024 1.39586614 0 P 9 
L 4.61811024 1.61830709 4.61811024 2.18051181 0 P 10 
A 4.61811024 2.18051181 4.59251969 2.20610236 4.59251969 2.18051181 0 P 7 N
A 4.59251969 2.20610236 4.56692913 2.18051181 4.59251969 2.18051181 0 P 7 N
L 4.56692913 2.18051181 4.56692913 1.5757874 0 P 11 
A 4.56692913 1.5757874 4.59251969 1.55019685 4.59251969 1.5757874 0 P 7 N
A 4.59251969 1.55019685 4.61811024 1.5757874 4.59251969 1.5757874 0 P 7 N
L 4.61811024 1.5757874 4.61811024 1.61830709 0 P 13 
L 4.61811024 4.45295276 4.61811024 3.88307087 0 P 9 
A 4.61811024 3.88307087 4.59251969 3.85748032 4.59251969 3.88307087 0 P 7 Y
A 4.59251969 3.85748032 4.56692913 3.88307087 4.59251969 3.88307087 0 P 7 Y
L 4.56692913 3.88307087 4.56692913 4.48523622 0 P 8 
A 4.56692913 4.48523622 4.59251969 4.51082677 4.59251969 4.48523622 0 P 7 Y
A 4.59251969 4.51082677 4.61811024 4.48523622 4.59251969 4.48523622 0 P 7 Y
L 4.61811024 4.48523622 4.61811024 4.45295276 0 P 5 
L 4.61811024 4.6753937 4.61811024 4.63287402 0 P 13 
A 4.61811024 4.63287402 4.59251969 4.60728346 4.59251969 4.63287402 0 P 7 Y
A 4.59251969 4.60728346 4.56692913 4.63287402 4.59251969 4.63287402 0 P 7 Y
L 4.56692913 4.63287402 4.56692913 5.23759843 0 P 11 
A 4.56692913 5.23759843 4.59251969 5.26318898 4.59251969 5.23759843 0 P 7 Y
A 4.59251969 5.26318898 4.61811024 5.23759843 4.59251969 5.23759843 0 P 7 Y
L 4.61811024 5.23759843 4.61811024 4.6753937 0 P 10 
L 4.56692913 2.32807087 4.56692913 2.32685039 0 P 15 
A 4.56692913 2.32685039 4.59248032 2.30255906 4.59248356 2.32814636 0 P 16 N
L 4.59248032 2.30255906 4.59251969 2.30255906 0 P 17 
A 4.59251969 2.30255906 4.61811024 2.32814961 4.59251969 2.32814961 0 P 7 N
L 4.61811024 2.32814961 4.61811024 2.60602362 0 P 18 
A 4.61811024 2.60602362 4.66425197 2.71740157 4.77559252 2.60602854 0 P 19 Y
L 4.66425197 2.71740157 4.90661417 2.95976378 0 P 20 
A 4.90661417 2.95976378 5.01799213 3.00590551 5.0179872 2.84842313 0 P 19 Y
L 5.01799213 3.00590551 5.44940945 3.00590551 0 P 21 
A 5.44940945 3.00590551 5.44940945 3.05708661 5.44940945 3.03149606 0 P 2 N
L 5.44940945 3.05708661 5.01799213 3.05708661 0 P 21 
A 5.01799213 3.05708661 4.90661417 3.10322835 5.0179872 3.2145689 0 P 19 Y
L 4.90661417 3.10322835 4.66425197 3.34559055 0 P 20 
A 4.66425197 3.34559055 4.61811024 3.4569685 4.77559252 3.45696358 0 P 19 Y
L 4.61811024 3.4569685 4.61811024 3.73543307 0 P 22 
A 4.61811024 3.73543307 4.56692913 3.73543307 4.59251969 3.73543307 0 P 2 N
L 4.56692913 3.73543307 4.56692913 3.4569685 0 P 22 
A 4.56692913 3.4569685 4.5207874 3.34559055 4.40944675 3.45696358 0 P 19 Y
L 4.5207874 3.34559055 4.2784252 3.10322835 0 P 20 
A 4.2784252 3.10322835 4.16704724 3.05708661 4.16705217 3.2145689 0 P 19 Y
L 4.16704724 3.05708661 3.775 3.05708661 0 P 23 
A 3.775 3.05708661 3.775 3.00590551 3.775 3.03149606 0 P 2 N
L 3.775 3.00590551 4.16704724 3.00590551 0 P 23 
A 4.16704724 3.00590551 4.2784252 2.95976378 4.16705217 2.84842313 0 P 19 Y
L 4.2784252 2.95976378 4.5207874 2.71740157 0 P 20 
A 4.5207874 2.71740157 4.56692913 2.60602362 4.40944675 2.60602854 0 P 19 Y
L 4.56692913 2.60602362 4.56692913 2.32807087 0 P 24 
L 8.55511811 3.00590551 8.39409449 3.00590551 0 P 25 
A 8.39409449 3.00590551 8.39409449 3.05708661 8.39409449 3.03149606 0 P 2 Y
L 8.39409449 3.05708661 8.85629921 3.05708661 0 P 26 
A 8.85629921 3.05708661 8.89566929 3.09645669 8.85629921 3.09645669 0 P 27 N
L 8.89566929 3.09645669 8.89566929 3.31299213 0 P 28 
A 8.89566929 3.31299213 8.93503937 3.3523622 8.93503937 3.31299213 0 P 27 Y
L 8.93503937 3.3523622 9.02755906 3.3523622 0 P 29 
L 9.02755906 3.3523622 9.18503937 3.50984252 0 P 30 
L 9.18503937 3.50984252 9.18503937 5.61023622 0 P 31 
L 9.18503937 5.61023622 9.02755906 5.76771654 0 P 30 
L 9.02755906 5.76771654 8.93503937 5.76771654 0 P 29 
A 8.93503937 5.76771654 8.89566929 5.80708661 8.93503937 5.80708661 0 P 27 Y
L 8.89566929 5.80708661 8.89566929 6.02362205 0 P 28 
A 8.89566929 6.02362205 8.85629921 6.06299213 8.85629921 6.02362205 0 P 27 N
L 8.85629921 6.06299213 5.01799213 6.06299213 0 P 32 
A 5.01799213 6.06299213 4.90661417 6.01685039 5.0179872 5.90550974 0 P 19 N
L 4.90661417 6.01685039 4.66425197 5.77448819 0 P 20 
A 4.66425197 5.77448819 4.61811024 5.66311024 4.77559252 5.66311516 0 P 19 N
L 4.61811024 5.66311024 4.61811024 5.38523622 0 P 18 
A 4.61811024 5.38523622 4.56692913 5.38523622 4.59251969 5.38523622 0 P 2 Y
L 4.56692913 5.38523622 4.56692913 5.66311024 0 P 18 
A 4.56692913 5.66311024 4.5207874 5.77448819 4.40944675 5.66311516 0 P 19 N
L 4.5207874 5.77448819 4.2784252 6.01685039 0 P 20 
A 4.2784252 6.01685039 4.16704724 6.06299213 4.16705217 5.90550974 0 P 19 N
L 4.16704724 6.06299213 0.32874016 6.06299213 0 P 32 
A 0.32874016 6.06299213 0.28937008 6.02362205 0.32874016 6.02362205 0 P 27 N
L 0.28937008 6.02362205 0.28937008 5.80708661 0 P 28 
A 0.28937008 5.80708661 0.25 5.76771654 0.25 5.80708661 0 P 27 Y
L 0.25 5.76771654 0.15748032 5.76771654 0 P 29 
L 0.15748032 5.76771654 0 5.61023622 0 P 30 
L 0 5.61023622 0 3.50984252 0 P 31 
L 0 3.50984252 0.15748032 3.3523622 0 P 30 
L 0.15748032 3.3523622 0.25 3.3523622 0 P 29 
A 0.25 3.3523622 0.28937008 3.31299213 0.25 3.31299213 0 P 27 Y
L 0.28937008 3.31299213 0.28937008 3.09645669 0 P 28 
A 0.28937008 3.09645669 0.32874016 3.05708661 0.32874016 3.09645669 0 P 27 N
L 0.32874016 3.05708661 0.83031496 3.05708661 0 P 33 
A 0.83031496 3.05708661 0.83031496 3.00590551 0.83031496 3.03149606 0 P 2 Y
L 0.83031496 3.00590551 0.32874016 3.00590551 0 P 33 
A 0.32874016 3.00590551 0.28937008 2.96653543 0.32874016 2.96653543 0 P 27 N
L 0.28937008 2.96653543 0.28937008 2.75 0 P 28 
A 0.28937008 2.75 0.25 2.71062992 0.25 2.75 0 P 27 Y
L 0.25 2.71062992 0.15748032 2.71062992 0 P 29 
L 0.15748032 2.71062992 0 2.55314961 0 P 30 
L 0 2.55314961 0 0.45275591 0 P 31 
L 0 0.45275591 0.15748032 0.29527559 0 P 30 
L 0.15748032 0.29527559 0.25 0.29527559 0 P 29 
A 0.25 0.29527559 0.28937008 0.25590551 0.25 0.25590551 0 P 27 Y
L 0.28937008 0.25590551 0.28937008 0.03937008 0 P 28 
A 0.28937008 0.03937008 0.32874016 0 0.32874016 0.03937008 0 P 27 N
L 0.32874016 0 4.16704724 0 0 P 32 
A 4.16704724 0 4.2784252 0.04614173 4.16705217 0.15748228 0 P 19 N
L 4.2784252 0.04614173 4.5207874 0.28850394 0 P 20 
A 4.5207874 0.28850394 4.56692913 0.39988189 4.40944675 0.39987697 0 P 19 N
L 4.56692913 0.39988189 4.56692913 0.67704724 0 P 34 
A 4.56692913 0.67704724 4.59248032 0.70393701 4.59248327 0.6783497 0 P 35 Y
L 4.59248032 0.70393701 4.59251969 0.70393701 0 P 17 
A 4.59251969 0.70393701 4.61811024 0.67834646 4.59251969 0.67834646 0 P 7 Y
L 4.61811024 0.67834646 4.61811024 0.39988189 0 P 22 
A 4.61811024 0.39988189 4.66425197 0.28850394 4.77559252 0.39987697 0 P 19 N
L 4.66425197 0.28850394 4.90661417 0.04614173 0 P 20 
A 4.90661417 0.04614173 5.01799213 0 5.0179872 0.15748228 0 P 19 N
L 5.01799213 0 8.85629921 0 0 P 32 
A 8.85629921 0 8.89566929 0.03937008 8.85629921 0.03937008 0 P 27 N
L 8.89566929 0.03937008 8.89566929 0.25590551 0 P 28 
A 8.89566929 0.25590551 8.93503937 0.29527559 8.93503937 0.25590551 0 P 27 Y
L 8.93503937 0.29527559 9.02755906 0.29527559 0 P 29 
L 9.02755906 0.29527559 9.18503937 0.45275591 0 P 30 
L 9.18503937 0.45275591 9.18503937 2.55314961 0 P 31 
L 9.18503937 2.55314961 9.02755906 2.71062992 0 P 30 
L 9.02755906 2.71062992 8.93503937 2.71062992 0 P 29 
A 8.93503937 2.71062992 8.89566929 2.75 8.93503937 2.75 0 P 27 Y
L 8.89566929 2.75 8.89566929 2.96653543 0 P 28 
A 8.89566929 2.96653543 8.85629921 3.00590551 8.85629921 2.96653543 0 P 27 N
L 8.85629921 3.00590551 8.55511811 3.00590551 0 P 130 
