#
#Feature symbol names
#
$0 r11.811

#
#Layer features
#
L 0.01191614 0.0053185 0.02985768 0.0053185 0 P 10 
L 0.02130768 0.0053185 0.02130768 0.11303504 0 P 10 
L 0.01191614 0.11303504 0.02985768 0.11303504 0 P 10 
L 0.10169114 0.11303504 0.11963268 0.11303504 0 P 10 
L 0.11108268 0.11303504 0.11108268 0.0053185 0 P 10 
L 0.11108268 0.0053185 0.02130768 0.11303504 0 P 10 
L 0.24532441 0.11303504 0.24532441 0.0865435 0 P 10 
L 0.24532441 0.04123524 0.24532441 0.02326004 0 P 10 
L 0.24532441 0.0865435 0.23849114 0.09849331 0 P 10 
L 0.23849114 0.09849331 0.22822441 0.1079185 0 P 10 
L 0.22822441 0.1079185 0.21539941 0.11391024 0 P 10 
L 0.21539941 0.11391024 0.20085768 0.11559331 0 P 10 
L 0.20085768 0.11559331 0.18719114 0.11303504 0 P 10 
L 0.18719114 0.11303504 0.17520768 0.10620177 0 P 10 
L 0.17520768 0.10620177 0.16497461 0.09593504 0 P 10 
L 0.16497461 0.09593504 0.15810768 0.08398524 0 P 10 
L 0.15810768 0.08398524 0.15554941 0.07028504 0 P 10 
L 0.15554941 0.07028504 0.15554941 0.06429331 0 P 10 
L 0.15554941 0.06429331 0.15726614 0.04978524 0 P 10 
L 0.15726614 0.04978524 0.16154114 0.03696024 0 P 10 
L 0.16154114 0.03696024 0.16924961 0.02497677 0 P 10 
L 0.16924961 0.02497677 0.18035787 0.01642677 0 P 10 
L 0.18035787 0.01642677 0.19318287 0.01043504 0 P 10 
L 0.19318287 0.01043504 0.20684941 0.00787677 0 P 10 
L 0.20684941 0.00787677 0.22139114 0.0095935 0 P 10 
L 0.22139114 0.0095935 0.23421614 0.01471004 0 P 10 
L 0.23421614 0.01471004 0.24532441 0.02326004 0 P 10 
L 0.29063268 0.11121732 0.37101614 0.11121732 0 P 10 
L 0.37101614 0.11121732 0.37101614 0.09327579 0 P 10 
L 0.28124114 0.00350079 0.29490768 0.00690059 0 P 10 
L 0.29490768 0.00690059 0.30860787 0.01205079 0 P 10 
L 0.30860787 0.01205079 0.32055768 0.01888406 0 P 10 
L 0.32055768 0.01888406 0.33169961 0.02743406 0 P 10 
L 0.33169961 0.02743406 0.34193268 0.03682559 0 P 10 
L 0.34193268 0.03682559 0.35135787 0.04796752 0 P 10 
L 0.35135787 0.04796752 0.35903268 0.05991732 0 P 10 
L 0.35903268 0.05991732 0.36502441 0.07274232 0 P 10 
L 0.36502441 0.07274232 0.36929941 0.08556732 0 P 10 
L 0.36929941 0.08556732 0.37101614 0.09327579 0 P 10 
L 0.38895768 0.00350079 0.38128287 0.01460906 0 P 10 
L 0.38128287 0.01460906 0.37185768 0.02571732 0 P 10 
L 0.37185768 0.02571732 0.36162461 0.03514252 0 P 10 
L 0.36162461 0.03514252 0.34879961 0.04369252 0 P 10 
L 0.42487441 0.06590906 0.43857461 0.07018406 0 P 10 
L 0.43857461 0.07018406 0.45052441 0.07789252 0 P 10 
L 0.45052441 0.07789252 0.45823287 0.08900079 0 P 10 
L 0.45823287 0.08900079 0.46250787 0.10266732 0 P 10 
L 0.46250787 0.10266732 0.46250787 0.11636752 0 P 10 
L 0.46250787 0.11636752 0.46079114 0.11976732 0 P 10 
L 0.43429961 0.00350079 0.44796614 0.00521752 0 P 10 
L 0.44796614 0.00521752 0.46163268 0.00949252 0 P 10 
L 0.46163268 0.00949252 0.47445768 0.01545059 0 P 10 
L 0.47445768 0.01545059 0.48559961 0.02400059 0 P 10 
L 0.48559961 0.02400059 0.49583268 0.03342579 0 P 10 
L 0.49583268 0.03342579 0.50354114 0.04537559 0 P 10 
L 0.50354114 0.04537559 0.51037441 0.05820059 0 P 10 
L 0.51037441 0.05820059 0.51380787 0.07102559 0 P 10 
L 0.51380787 0.07102559 0.51552461 0.08556732 0 P 10 
L 0.51552461 0.08556732 0.51464941 0.10182579 0 P 10 
L 0.46079114 0.10182579 0.51464941 0.10182579 0 P 10 
L 0.49670787 0.03514252 0.49670787 0.04880906 0 P 10 
L 0.49670787 0.04880906 0.48899941 0.06079252 0 P 10 
L 0.48899941 0.06079252 0.47704961 0.06762579 0 P 10 
L 0.47704961 0.06762579 0.46079114 0.06590906 0 P 10 
L 0.55056614 0.07530059 0.55995768 0.04796752 0 P 10 
L 0.57793287 0.07957559 0.58648287 0.05735906 0 P 10 
L 0.56850768 0.00350079 0.58304941 0.00350079 0 P 10 
L 0.58304941 0.00350079 0.59674961 0.00690059 0 P 10 
L 0.59674961 0.00690059 0.60869941 0.01376752 0 P 10 
L 0.60869941 0.01376752 0.61980768 0.02315906 0 P 10 
L 0.61980768 0.02315906 0.62751614 0.03426732 0 P 10 
L 0.62751614 0.03426732 0.63350787 0.04709232 0 P 10 
L 0.63350787 0.04709232 0.63522461 0.06079252 0 P 10 
L 0.63522461 0.06079252 0.63434941 0.07530059 0 P 10 
L 0.63434941 0.07530059 0.63179114 0.08385059 0 P 10 
L 0.69419941 0.06590906 0.70789961 0.07018406 0 P 10 
L 0.70789961 0.07018406 0.71984941 0.07789252 0 P 10 
L 0.71984941 0.07789252 0.72755787 0.08900079 0 P 10 
L 0.72755787 0.08900079 0.73183287 0.10266732 0 P 10 
L 0.73183287 0.10266732 0.73095768 0.11636752 0 P 10 
L 0.73095768 0.11636752 0.73011614 0.11976732 0 P 10 
L 0.70362461 0.00350079 0.71729114 0.00521752 0 P 10 
L 0.71729114 0.00521752 0.73095768 0.00949252 0 P 10 
L 0.73095768 0.00949252 0.74378268 0.01545059 0 P 10 
L 0.74378268 0.01545059 0.75492461 0.02400059 0 P 10 
L 0.75492461 0.02400059 0.76515768 0.03342579 0 P 10 
L 0.76515768 0.03342579 0.77286614 0.04537559 0 P 10 
L 0.77286614 0.04537559 0.77969941 0.05820059 0 P 10 
L 0.77969941 0.05820059 0.78313287 0.07102559 0 P 10 
L 0.78313287 0.07102559 0.78484961 0.08556732 0 P 10 
L 0.78484961 0.08556732 0.78397441 0.10182579 0 P 10 
L 0.73011614 0.10182579 0.78397441 0.10182579 0 P 10 
