#
#Feature symbol names
#
$0 r13.74
$1 r31.496

#
#Layer features
#
S P 0
OB -0.782480216535 -0.127952755906 I
OS -0.782480216535 0.127952755906
OS 0.782480314961 0.127952755906
OS 0.782480314961 -0.127952755906
OS -0.782480216535 -0.127952755906
OE
SE
P -0.60531496 -0.03937008 1 N 0 0
P -0.60531496 0.01968514 1 N 0 0
L -0.55610236 0 -0.49704734 0 0 N 0 
L -0.5265748 0.0492126 -0.5265748 0.01968514 0 N 0 
L -0.5265748 -0.01968504 -0.5265748 -0.0492126 0 N 0 
P -0.11515748 0.03937008 1 N 0 0
P -0.05610236 -0.03937008 1 N 0 0
L -0.03641732 0.05905512 -0.13484262 -0.05905512 0 N 0 
L -0.44192913 -0.06889764 -0.41240157 -0.06889764 0 N 0 
L -0.39665344 -0.05314961 -0.39665344 -0.01574803 0 N 0 
L -0.41240157 0.06889764 -0.44192913 0.06889764 0 N 0 
L -0.44192913 0 -0.41240157 0 0 N 0 
L -0.39665344 0.01574803 -0.39665344 0.05314961 0 N 0 
L -0.45767717 -0.01574803 -0.45767717 -0.05314961 0 N 0 
L -0.45767717 0.05314961 -0.45767717 0.01574803 0 N 0 
L -0.33759843 -0.06889764 -0.30807087 -0.06889764 0 N 0 
L -0.29232283 -0.05314961 -0.29232283 -0.01574803 0 N 0 
L -0.30807087 0.06889764 -0.33759843 0.06889764 0 N 0 
L -0.33759843 0 -0.30807087 0 0 N 0 
L -0.29232283 0.01574803 -0.29232283 0.05314961 0 N 0 
L -0.35334646 -0.01574803 -0.35334646 -0.05314961 0 N 0 
L -0.35334646 0.05314961 -0.35334646 0.01574803 0 N 0 
L -0.23326772 -0.06889764 -0.20374016 -0.06889764 0 N 0 
L -0.18799213 -0.05314961 -0.18799213 -0.01574803 0 N 0 
L -0.20374016 0.06889764 -0.23326772 0.06889764 0 N 0 
L -0.23326772 0 -0.20374016 0 0 N 0 
L -0.18799213 0.01574803 -0.18799213 0.05314961 0 N 0 
L -0.24901575 -0.01574803 -0.24901575 -0.05314961 0 N 0 
L -0.24901575 0.05314961 -0.24901575 0.01574803 0 N 0 
P 0.16240157 -0.03937008 1 N 0 0
P 0.16240157 0.01968514 1 N 0 0
L 0.21161417 0 0.27066919 0 0 N 0 
L 0.24114183 0.0492126 0.24114183 0.01968514 0 N 0 
L 0.24114183 -0.01968504 0.24114183 -0.0492126 0 N 0 
P 0.65255906 0.03937008 1 N 0 0
P 0.71161417 -0.03937008 1 N 0 0
L 0.73129921 0.05905512 0.63287402 -0.05905512 0 N 0 
L 0.3257874 -0.06889764 0.35531496 -0.06889764 0 N 0 
L 0.37106309 -0.05314961 0.37106309 -0.01574803 0 N 0 
L 0.35531496 0.06889764 0.3257874 0.06889764 0 N 0 
L 0.3257874 0 0.35531496 0 0 N 0 
L 0.37106309 0.01574803 0.37106309 0.05314961 0 N 0 
L 0.31003937 -0.01574803 0.31003937 -0.05314961 0 N 0 
L 0.31003937 0.05314961 0.31003937 0.01574803 0 N 0 
L 0.43011811 -0.06889764 0.45964567 -0.06889764 0 N 0 
L 0.4753937 -0.05314961 0.4753937 -0.01574803 0 N 0 
L 0.45964567 0.06889764 0.43011811 0.06889764 0 N 0 
L 0.43011811 0 0.45964567 0 0 N 0 
L 0.4753937 0.01574803 0.4753937 0.05314961 0 N 0 
L 0.41437008 -0.01574803 0.41437008 -0.05314961 0 N 0 
L 0.41437008 0.05314961 0.41437008 0.01574803 0 N 0 
L 0.53444882 -0.06889764 0.56397638 -0.06889764 0 N 0 
L 0.57972441 -0.05314961 0.57972441 -0.01574803 0 N 0 
L 0.56397638 0.06889764 0.53444882 0.06889764 0 N 0 
L 0.53444882 0 0.56397638 0 0 N 0 
L 0.57972441 0.01574803 0.57972441 0.05314961 0 N 0 
L 0.51870079 -0.01574803 0.51870079 -0.05314961 0 N 0 
L 0.51870079 0.05314961 0.51870079 0.01574803 0 N 0 
T -0.7294185 -0.07214104 standard N 0 0.11811024 0.14566929 1.64042 'L' 1
T 0.03450049 -0.08015413 standard N 0 0.11811024 0.14566929 1.64042 'S' 1
