#
#Feature symbol names
#
$0 r3.937
$1 r7.874
$2 s3.937
$3 s19.685

#
#Feature attribute names
#
@0 .pattern_fill

#
#Layer features
#
L 0.00003996 -0.098425 0.01 -0.09791299 0 P 34 
L 0.01 -0.09791299 0.01984301 -0.09641703 0 P 34 
L 0.01984301 -0.09641703 0.02948799 -0.09389705 0 P 34 
L 0.02948799 -0.09389705 0.03885896 -0.09043199 0 P 34 
L 0.03885896 -0.09043199 0.04779596 -0.08606201 0 P 34 
L 0.04779596 -0.08606201 0.05626004 -0.08078701 0 P 34 
L 0.05626004 -0.08078701 0.06413396 -0.07468396 0 P 34 
L 0.06413396 -0.07468396 0.07137795 -0.06779498 0 P 34 
L 0.07137795 -0.06779498 0.07787402 -0.06023602 0 P 34 
L 0.07787402 -0.06023602 0.08358297 -0.05204705 0 P 34 
L 0.08358297 -0.05204705 0.088425 -0.04334596 0 P 34 
L 0.088425 -0.04334596 0.09232303 -0.03417303 0 P 34 
L 0.09232303 -0.03417303 0.09531496 -0.02468396 0 P 34 
L 0.09531496 -0.02468396 0.09732303 -0.01492096 0 P 34 
L 0.09732303 -0.01492096 0.09834705 -0.00499902 0 P 34 
L 0.09834705 -0.00499902 0.09834705 0.00500098 0 P 34 
L 0.09834705 0.00500098 0.09732303 0.01492205 0 P 34 
L 0.09732303 0.01492205 0.09531496 0.02468602 0 P 34 
L 0.09531496 0.02468602 0.09232303 0.03417402 0 P 34 
L 0.09232303 0.03417402 0.088425 0.04334705 0 P 34 
L 0.088425 0.04334705 0.08358297 0.05204803 0 P 34 
L 0.08358297 0.05204803 0.07787402 0.06023701 0 P 34 
L 0.07787402 0.06023701 0.07137795 0.06779596 0 P 34 
L 0.07137795 0.06779596 0.06413396 0.07468602 0 P 34 
L 0.06413396 0.07468602 0.05626004 0.08078799 0 P 34 
L 0.05626004 0.08078799 0.04779596 0.08606398 0 P 34 
L 0.04779596 0.08606398 0.03885896 0.09043396 0 P 34 
L 0.03885896 0.09043396 0.02948799 0.09389803 0 P 34 
L 0.02948799 0.09389803 0.01984301 0.09641801 0 P 34 
L 0.01984301 0.09641801 0.01 0.09791398 0 P 34 
L 0.01 0.09791398 0.00003996 0.09842598 0 P 34 
L 0.00003996 0.09842598 -0.00992096 0.09791398 0 P 34 
L -0.00992096 0.09791398 -0.01976299 0.09641801 0 P 34 
L -0.01976299 0.09641801 -0.02940896 0.09389803 0 P 34 
L -0.02940896 0.09389803 -0.03877904 0.09043396 0 P 34 
L -0.03877904 0.09043396 -0.04771604 0.08606398 0 P 34 
L -0.04771604 0.08606398 -0.056181 0.08078799 0 P 34 
L -0.056181 0.08078799 -0.06405502 0.07468602 0 P 34 
L -0.06405502 0.07468602 -0.07129902 0.06779596 0 P 34 
L -0.07129902 0.06779596 -0.07779498 0.06023701 0 P 34 
L -0.07779498 0.06023701 -0.08350404 0.05204803 0 P 34 
L -0.08350404 0.05204803 -0.08834596 0.04334705 0 P 34 
L -0.08834596 0.04334705 -0.092244 0.03417402 0 P 34 
L -0.092244 0.03417402 -0.09523602 0.02468602 0 P 34 
L -0.09523602 0.02468602 -0.097244 0.01492205 0 P 34 
L -0.097244 0.01492205 -0.09826703 0.00500098 0 P 34 
L -0.09826703 0.00500098 -0.09826703 -0.00499902 0 P 34 
L -0.09826703 -0.00499902 -0.097244 -0.01492096 0 P 34 
L -0.097244 -0.01492096 -0.09523602 -0.02468396 0 P 34 
L -0.09523602 -0.02468396 -0.092244 -0.03417303 0 P 34 
L -0.092244 -0.03417303 -0.08834596 -0.04334596 0 P 34 
L -0.08834596 -0.04334596 -0.08350404 -0.05204705 0 P 34 
L -0.08350404 -0.05204705 -0.07779498 -0.06023602 0 P 34 
L -0.07779498 -0.06023602 -0.07129902 -0.06779498 0 P 34 
L -0.07129902 -0.06779498 -0.06405502 -0.07468396 0 P 34 
L -0.06405502 -0.07468396 -0.056181 -0.08078701 0 P 34 
L -0.056181 -0.08078701 -0.04771604 -0.08606201 0 P 34 
L -0.04771604 -0.08606201 -0.03877904 -0.09043199 0 P 34 
L -0.03877904 -0.09043199 -0.02940896 -0.09389705 0 P 34 
L -0.02940896 -0.09389705 -0.01976299 -0.09641703 0 P 34 
L -0.01976299 -0.09641703 -0.00992096 -0.09791299 0 P 34 
L -0.00992096 -0.09791299 0.00003996 -0.098425 0 P 34 
L 0.02251998 0.05204803 0.02441004 0.05606398 1 P 37 
L 0.02441004 0.05606398 0.02626004 0.05807096 1 P 37 
L 0.02626004 0.05807096 0.03003996 0.06007904 1 P 37 
L 0.03003996 0.06007904 0.0413 0.06007904 1 P 37 
L 0.0413 0.06007904 0.04507904 0.05807096 1 P 37 
L 0.04507904 0.05807096 0.04692904 0.05606398 1 P 37 
L 0.04692904 0.05606398 0.048819 0.05204803 1 P 37 
L 0.048819 0.05204803 0.048819 0.04803199 1 P 37 
L 0.048819 0.04803199 0.04692904 0.04401604 1 P 37 
L 0.04692904 0.04401604 0.04507904 0.04200797 1 P 37 
L 0.04507904 0.04200797 0.0413 0.04000098 1 P 37 
L 0.0413 0.04000098 0.03003996 0.04000098 1 P 37 
L 0.0413 0.04000098 0.04507904 0.03799301 1 P 37 
L 0.04507904 0.03799301 0.04692904 0.03598504 1 P 37 
L 0.04692904 0.03598504 0.048819 0.03193002 1 P 37 
L 0.048819 0.03193002 0.048819 0.02791398 1 P 37 
L 0.048819 0.02791398 0.04692904 0.02389803 1 P 37 
L 0.04692904 0.02389803 0.04507904 0.02188996 1 P 37 
L 0.04507904 0.02188996 0.0413 0.01988297 1 P 37 
L 0.0413 0.01988297 0.03003996 0.01988297 1 P 37 
L 0.03003996 0.01988297 0.02626004 0.02188996 1 P 37 
L 0.02626004 0.02188996 0.02441004 0.02389803 1 P 37 
L 0.02441004 0.02389803 0.02251998 0.02791398 1 P 37 
L -0.04834596 -0.02669203 -0.046456 -0.02267697 1 P 37 
L -0.046456 -0.02267697 -0.044606 -0.020669 1 P 37 
L -0.044606 -0.020669 -0.04082598 -0.01866102 1 P 37 
L -0.04082598 -0.01866102 -0.02956703 -0.01866102 1 P 37 
L -0.02956703 -0.01866102 -0.02578701 -0.020669 1 P 37 
L -0.02578701 -0.020669 -0.02393701 -0.02267697 1 P 37 
L -0.02393701 -0.02267697 -0.02204705 -0.02669203 1 P 37 
L -0.02204705 -0.02669203 -0.02204705 -0.03070797 1 P 37 
L -0.02204705 -0.03070797 -0.02393701 -0.03472402 1 P 37 
L -0.02393701 -0.03472402 -0.02578701 -0.03673199 1 P 37 
L -0.02578701 -0.03673199 -0.02956703 -0.03873996 1 P 37 
L -0.02956703 -0.03873996 -0.04082598 -0.03873996 1 P 37 
L -0.02956703 -0.03873996 -0.02578701 -0.04074705 1 P 37 
L -0.02578701 -0.04074705 -0.02393701 -0.04275502 1 P 37 
L -0.02393701 -0.04275502 -0.02204705 -0.04681004 1 P 37 
L -0.02204705 -0.04681004 -0.02204705 -0.05082598 1 P 37 
L -0.02204705 -0.05082598 -0.02393701 -0.05484203 1 P 37 
L -0.02393701 -0.05484203 -0.02578701 -0.05685 1 P 37 
L -0.02578701 -0.05685 -0.02956703 -0.05885797 1 P 37 
L -0.02956703 -0.05885797 -0.04082598 -0.05885797 1 P 37 
L -0.04082598 -0.05885797 -0.044606 -0.05685 1 P 37 
L -0.044606 -0.05685 -0.046456 -0.05484203 1 P 37 
L -0.046456 -0.05484203 -0.04834596 -0.05082598 1 P 37 
L -0.12791299 -0.12795197 -0.12791299 0.12795295 3 P 36 
L -0.12791299 0.12795295 0.12799203 0.12795295 3 P 36 
L 0.12799203 0.12795295 0.12799203 -0.12795197 3 P 36 
L 0.00003996 -0.098425 0.00003996 0.09842598 0 P 34 
L -0.09838602 0.00000098 0.09846496 0.00000098 0 P 34 
L -0.09641703 0.001969 -0.00192904 0.001969 0 P 34 
L -0.00192904 0.001969 -0.00192904 0.09645699 0 P 34 
L -0.09641703 0.00393799 -0.00389705 0.00393799 0 P 34 
L -0.00389705 0.00393799 -0.00389705 0.09645699 0 P 34 
L -0.09641703 0.005906 -0.00586604 0.005906 0 P 34 
L -0.00586604 0.005906 -0.00586604 0.09645699 0 P 34 
L -0.09641703 0.007875 -0.00783396 0.007875 0 P 34 
L -0.00783396 0.007875 -0.00783396 0.09645699 0 P 34 
L 0.09059104 -0.03346398 0.03350404 -0.03346398 0 P 34 
L 0.03350404 -0.03346398 0.03350404 -0.09055098 0 P 34 
L 0.09255896 -0.03149498 0.03153602 -0.03149498 0 P 34 
L 0.03153602 -0.03149498 0.03153602 -0.092519 0 P 34 
L 0.09255896 -0.02952697 0.02956703 -0.02952697 0 P 34 
L 0.02956703 -0.02952697 0.02956703 -0.092519 0 P 34 
L 0.09255896 -0.02755797 0.02759902 -0.02755797 0 P 34 
L 0.02759902 -0.02755797 0.02759902 -0.092519 0 P 34 
L 0.09452795 -0.02558996 0.02563002 -0.02558996 0 P 34 
L 0.02563002 -0.02558996 0.02563002 -0.09448799 0 P 34 
L 0.09452795 -0.02362096 0.02366201 -0.02362096 0 P 34 
L 0.02366201 -0.02362096 0.02366201 -0.09448799 0 P 34 
L 0.09452795 -0.02165295 0.02169301 -0.02165295 0 P 34 
L 0.02169301 -0.02165295 0.02169301 -0.09448799 0 P 34 
L 0.09452795 -0.01968396 0.019725 -0.01968396 0 P 34 
L 0.019725 -0.01968396 0.019725 -0.09448799 0 P 34 
L 0.09649596 -0.01771604 0.017756 -0.01771604 0 P 34 
L 0.017756 -0.01771604 0.017756 -0.096456 0 P 34 
L 0.09649596 -0.01574705 0.01578799 -0.01574705 0 P 34 
L 0.01578799 -0.01574705 0.01578799 -0.096456 0 P 34 
L 0.09649596 -0.01377904 0.013819 -0.01377904 0 P 34 
L 0.013819 -0.01377904 0.013819 -0.096456 0 P 34 
L 0.09649596 -0.01181004 0.01185098 -0.01181004 0 P 34 
L 0.01185098 -0.01181004 0.01185098 -0.096456 0 P 34 
L 0.09649596 -0.00984203 0.00988199 -0.00984203 0 P 34 
L 0.00988199 -0.00984203 0.00988199 -0.096456 0 P 34 
L 0.09649596 -0.00787303 0.00791398 -0.00787303 0 P 34 
L 0.00791398 -0.00787303 0.00791398 -0.096456 0 P 34 
L 0.09649596 -0.00590502 0.00594498 -0.00590502 0 P 34 
L 0.00594498 -0.00590502 0.00594498 -0.096456 0 P 34 
L 0.09649596 -0.00393602 0.00397697 -0.00393602 0 P 34 
L 0.00397697 -0.00393602 0.00397697 -0.096456 0 P 34 
L 0.09649596 -0.00196801 0.00200797 -0.00196801 0 P 34 
L 0.00200797 -0.00196801 0.00200797 -0.096456 0 P 34 
L 0.06893701 -0.06692904 0.066969 -0.06692904 0 P 34 
L 0.066969 -0.06692904 0.066969 -0.06889705 0 P 34 
L 0.070906 -0.06496004 0.065 -0.06496004 0 P 34 
L 0.065 -0.06496004 0.065 -0.07086604 0 P 34 
L 0.07287402 -0.06299203 0.06303199 -0.06299203 0 P 34 
L 0.06303199 -0.06299203 0.06303199 -0.07283396 0 P 34 
L 0.07484301 -0.06102303 0.06106299 -0.06102303 0 P 34 
L 0.06106299 -0.06102303 0.06106299 -0.07480295 0 P 34 
L 0.07681102 -0.05905502 0.05909498 -0.05905502 0 P 34 
L 0.05909498 -0.05905502 0.05909498 -0.07677096 0 P 34 
L 0.07878002 -0.05708602 0.05712598 -0.05708602 0 P 34 
L 0.05712598 -0.05708602 0.05712598 -0.07873996 0 P 34 
L 0.08074803 -0.05511703 0.05515797 -0.05511703 0 P 34 
L 0.05515797 -0.05511703 0.05515797 -0.08070797 0 P 34 
L 0.08271703 -0.05314902 0.05318898 -0.05314902 0 P 34 
L 0.05318898 -0.05314902 0.05318898 -0.08267697 0 P 34 
L 0.08271703 -0.05118002 0.05122096 -0.05118002 0 P 34 
L 0.05122096 -0.05118002 0.05122096 -0.08267697 0 P 34 
L 0.08468504 -0.04921201 0.04925197 -0.04921201 0 P 34 
L 0.04925197 -0.04921201 0.04925197 -0.08464498 0 P 34 
L 0.08468504 -0.04724301 0.04728396 -0.04724301 0 P 34 
L 0.04728396 -0.04724301 0.04728396 -0.08464498 0 P 34 
L 0.08665404 -0.045275 0.04531496 -0.045275 0 P 34 
L 0.04531496 -0.045275 0.04531496 -0.08661398 0 P 34 
L 0.08665404 -0.043306 0.04334705 -0.043306 0 P 34 
L 0.04334705 -0.043306 0.04334705 -0.08661398 0 P 34 
L 0.08862205 -0.04133799 0.04334705 -0.04133799 0 P 34 
L 0.04334705 -0.04133799 0.04137795 -0.04133799 0 P 34 
L 0.04137795 -0.04133799 0.04137795 -0.08858199 0 P 34 
L 0.08862205 -0.039369 0.03941004 -0.039369 0 P 34 
L 0.03941004 -0.039369 0.03941004 -0.08858199 0 P 34 
L 0.09059104 -0.03740098 0.03744104 -0.03740098 0 P 34 
L 0.03744104 -0.03740098 0.03744104 -0.09055098 0 P 34 
L 0.09059104 -0.03543199 0.03547303 -0.03543199 0 P 34 
L 0.03547303 -0.03543199 0.03547303 -0.09055098 0 P 34 
L -0.09641703 0.00984301 -0.00980295 0.00984301 0 P 34 
L -0.00980295 0.00984301 -0.00980295 0.09645699 0 P 34 
L -0.09641703 0.01181201 -0.01177096 0.01181201 0 P 34 
L -0.01177096 0.01181201 -0.01177096 0.09645699 0 P 34 
L -0.09641703 0.01378002 -0.01373996 0.01378002 0 P 34 
L -0.01373996 0.01378002 -0.01373996 0.09645699 0 P 34 
L -0.09641703 0.01574902 -0.01570797 0.01574902 0 P 34 
L -0.01570797 0.01574902 -0.01570797 0.09645699 0 P 34 
L -0.09641703 0.01771703 -0.01767697 0.01771703 0 P 34 
L -0.01767697 0.01771703 -0.01767697 0.09645699 0 P 34 
L -0.09444902 0.01968602 -0.01964498 0.01968602 0 P 34 
L -0.01964498 0.01968602 -0.01964498 0.09448898 0 P 34 
L -0.09444902 0.02165404 -0.02161398 0.02165404 0 P 34 
L -0.02161398 0.02165404 -0.02161398 0.09448898 0 P 34 
L -0.09444902 0.02362303 -0.02358199 0.02362303 0 P 34 
L -0.02358199 0.02362303 -0.02358199 0.09448898 0 P 34 
L -0.09444902 0.02559104 -0.02555098 0.02559104 0 P 34 
L -0.02555098 0.02559104 -0.02555098 0.09448898 0 P 34 
L -0.09248002 0.02756004 -0.027519 0.02756004 0 P 34 
L -0.027519 0.02756004 -0.027519 0.09251998 0 P 34 
L -0.09248002 0.02952795 -0.02948799 0.02952795 0 P 34 
L -0.02948799 0.02952795 -0.02948799 0.09251998 0 P 34 
L -0.09248002 0.03149705 -0.031456 0.03149705 0 P 34 
L -0.031456 0.03149705 -0.031456 0.09251998 0 P 34 
L -0.09051201 0.03346496 -0.033425 0.03346496 0 P 34 
L -0.033425 0.03346496 -0.033425 0.09055197 0 P 34 
L -0.09051201 0.03543396 -0.03539301 0.03543396 0 P 34 
L -0.03539301 0.03543396 -0.03539301 0.09055197 0 P 34 
L -0.09051201 0.03740197 -0.03736201 0.03740197 0 P 34 
L -0.03736201 0.03740197 -0.03736201 0.09055197 0 P 34 
L -0.08854301 0.03937096 -0.03933002 0.03937096 0 P 34 
L -0.03933002 0.03937096 -0.03933002 0.08858297 0 P 34 
L -0.08854301 0.04133898 -0.04326703 0.04133898 0 P 34 
L -0.04326703 0.04133898 -0.04129902 0.04133898 0 P 34 
L -0.04129902 0.04133898 -0.04129902 0.08858297 0 P 34 
L -0.086575 0.04330797 -0.04326703 0.04330797 0 P 34 
L -0.04326703 0.04330797 -0.04326703 0.08661496 0 P 34 
L -0.086575 0.04527598 -0.04523602 0.04527598 0 P 34 
L -0.04523602 0.04527598 -0.04523602 0.08661496 0 P 34 
L -0.084606 0.04724498 -0.04720404 0.04724498 0 P 34 
L -0.04720404 0.04724498 -0.04720404 0.08464596 0 P 34 
L -0.084606 0.04921299 -0.04917303 0.04921299 0 P 34 
L -0.04917303 0.04921299 -0.04917303 0.08464596 0 P 34 
L -0.08263701 0.05118199 -0.05114104 0.05118199 0 P 34 
L -0.05114104 0.05118199 -0.05114104 0.08267795 0 P 34 
L -0.08263701 0.05315 -0.05311004 0.05315 0 P 34 
L -0.05311004 0.05315 -0.05311004 0.08267795 0 P 34 
L -0.080669 0.055119 -0.05507795 0.055119 0 P 34 
L -0.05507795 0.055119 -0.05507795 0.08070896 0 P 34 
L -0.0787 0.05708701 -0.05704705 0.05708701 0 P 34 
L -0.05704705 0.05708701 -0.05704705 0.07874104 0 P 34 
L -0.07673199 0.059056 -0.05901496 0.059056 0 P 34 
L -0.05901496 0.059056 -0.05901496 0.07677205 0 P 34 
L -0.07476299 0.06102402 -0.06098396 0.06102402 0 P 34 
L -0.06098396 0.06102402 -0.06098396 0.07480404 0 P 34 
L -0.07279498 0.06299301 -0.06295197 0.06299301 0 P 34 
L -0.06295197 0.06299301 -0.06295197 0.07283504 0 P 34 
L -0.07082598 0.06496102 -0.06492096 0.06496102 0 P 34 
L -0.06492096 0.06496102 -0.06492096 0.07086703 0 P 34 
L -0.06885797 0.06693002 -0.06688898 0.06693002 0 P 34 
L -0.06688898 0.06693002 -0.06688898 0.06889803 0 P 34 
L 0.12795197 -0.12795295 -0.12795295 -0.12795295 3 P 0 
L -0.12795295 0.11811004 0.12795197 0.11811004 3 P 0 
L -0.12795295 0.10826801 0.12795197 0.10826801 3 P 0 
L -0.11811102 0.098425 -0.00984301 0.098425 3 P 0 
L -0.12795295 0.08858297 -0.02952795 0.08858297 3 P 0 
L -0.12795295 0.07873996 -0.01968504 0.07873996 3 P 0 
L -0.12795295 0.06889803 -0.05905502 0.06889803 3 P 0 
L -0.12795295 0.05905502 -0.05905502 0.05905502 3 P 0 
L -0.12795295 0.04921299 -0.05905502 0.04921299 3 P 0 
L -0.12795295 0.03936998 -0.05905502 0.03936998 3 P 0 
L -0.12795295 0.02952795 -0.05905502 0.02952795 3 P 0 
L -0.12795295 0.01968504 -0.05905502 0.01968504 3 P 0 
L -0.12795295 0.00984301 -0.05905502 0.00984301 3 P 0 
L 0.07873996 -0.00984301 0.12795197 -0.00984301 3 P 0 
L 0.05905502 -0.01968504 0.12795197 -0.01968504 3 P 0 
L 0.05905502 -0.02952795 0.12795197 -0.02952795 3 P 0 
L 0.04921201 -0.03936998 0.12795197 -0.03936998 3 P 0 
L 0.03936998 -0.04921299 0.12795197 -0.04921299 3 P 0 
L 0.02952697 -0.05905502 0.12795197 -0.05905502 3 P 0 
L 0.01968504 -0.06889803 0.12795197 -0.06889803 3 P 0 
L 0.00984203 -0.07873996 0.12795197 -0.07873996 3 P 0 
L 0.00984203 -0.08858297 0.12795197 -0.08858297 3 P 0 
L 0.00984203 -0.098425 0.12795197 -0.098425 3 P 0 
L 0.12795197 -0.10826801 -0.12795295 -0.10826801 3 P 0 
L -0.12795295 -0.11811004 0.12795197 -0.11811004 3 P 0 
L -0.12204803 0 -0.098425 0 2 P 0 
L -0.12007904 -0.001969 -0.098425 -0.001969 2 P 0 
L -0.12007904 -0.00393701 -0.098425 -0.00393701 2 P 0 
L -0.12007904 -0.005906 -0.098425 -0.005906 2 P 0 
L -0.12007904 -0.00787402 -0.098425 -0.00787402 2 P 0 
L -0.12007904 -0.00984301 -0.098425 -0.00984301 2 P 0 
L -0.12007904 -0.01181102 -0.098425 -0.01181102 2 P 0 
L -0.12007904 -0.01378002 -0.098425 -0.01378002 2 P 0 
L -0.12007904 -0.01574803 -0.098425 -0.01574803 2 P 0 
L -0.12007904 -0.01771703 -0.098425 -0.01771703 2 P 0 
L -0.12007904 -0.01968504 -0.098425 -0.01968504 2 P 0 
L -0.12007904 -0.02165404 -0.09645699 -0.02165404 2 P 0 
L -0.12007904 -0.02362205 -0.09645699 -0.02362205 2 P 0 
L -0.12007904 -0.02559104 -0.09645699 -0.02559104 2 P 0 
L -0.12007904 -0.02755896 -0.09645699 -0.02755896 2 P 0 
L -0.12007904 -0.02952795 -0.09448799 -0.02952795 2 P 0 
L -0.12007904 -0.03149596 -0.09448799 -0.03149596 2 P 0 
L -0.12007904 -0.03346496 -0.09448799 -0.03346496 2 P 0 
L -0.12007904 -0.03543297 -0.09448799 -0.03543297 2 P 0 
L -0.12007904 -0.03740197 -0.09251998 -0.03740197 2 P 0 
L -0.12007904 -0.03936998 -0.09251998 -0.03936998 2 P 0 
L -0.12007904 -0.04133898 -0.09055098 -0.04133898 2 P 0 
L -0.12007904 -0.04330699 -0.09055098 -0.04330699 2 P 0 
L -0.12007904 -0.04527598 -0.08858297 -0.04527598 2 P 0 
L -0.12007904 -0.047244 -0.08858297 -0.047244 2 P 0 
L -0.12007904 -0.04921299 -0.08661398 -0.04921299 2 P 0 
L -0.12007904 -0.051181 -0.08661398 -0.051181 2 P 0 
L -0.12007904 -0.05315 -0.08464596 -0.05315 2 P 0 
L -0.12007904 -0.05511801 -0.08267697 -0.05511801 2 P 0 
L -0.12007904 -0.05905502 -0.08070896 -0.05905502 2 P 0 
L -0.12007904 -0.06299203 -0.07677205 -0.06299203 2 P 0 
L -0.12007904 -0.06496102 -0.07480295 -0.06496102 2 P 0 
L -0.12007904 -0.06692904 -0.07480295 -0.06692904 2 P 0 
L -0.12007904 -0.06889803 -0.07283504 -0.06889803 2 P 0 
L -0.12007904 -0.07086604 -0.07086604 -0.07086604 2 P 0 
L -0.12007904 -0.07283504 -0.06889803 -0.07283504 2 P 0 
L -0.12007904 -0.07480295 -0.06692904 -0.07480295 2 P 0 
L -0.12007904 -0.07677205 -0.06299203 -0.07677205 2 P 0 
L -0.12007904 -0.07873996 -0.06102402 -0.07873996 2 P 0 
L -0.12007904 -0.08070896 -0.05905502 -0.08070896 2 P 0 
L -0.12007904 -0.08267697 -0.05511801 -0.08267697 2 P 0 
L -0.12007904 -0.08464596 -0.051181 -0.08464596 2 P 0 
L -0.12007904 -0.08661398 -0.04921299 -0.08661398 2 P 0 
L -0.12007904 -0.08858297 -0.04527598 -0.08858297 2 P 0 
L -0.12007904 -0.09055098 -0.04330699 -0.09055098 2 P 0 
L -0.12007904 -0.09251998 -0.03936998 -0.09251998 2 P 0 
L -0.12007904 -0.09448799 -0.03346496 -0.09448799 2 P 0 
L -0.12007904 -0.09645699 -0.02755896 -0.09645699 2 P 0 
L -0.11614203 -0.09645699 -0.01968504 -0.098425 2 P 0 
L 0.01771604 0.098425 0.12007795 0.098425 2 P 0 
L 0.02362205 0.09645699 0.12007795 0.09645699 2 P 0 
L 0.03149596 0.09448799 0.12007795 0.09448799 2 P 0 
L 0.03740098 0.09251998 0.12007795 0.09251998 2 P 0 
L 0.04330699 0.09055098 0.12007795 0.09055098 2 P 0 
L 0.045275 0.08858297 0.12007795 0.08858297 2 P 0 
L 0.04921201 0.08661398 0.12007795 0.08661398 2 P 0 
L 0.05314902 0.08464596 0.12007795 0.08464596 2 P 0 
L 0.05511801 0.08267697 0.12007795 0.08267697 2 P 0 
L 0.05905502 0.08070896 0.12007795 0.08070896 2 P 0 
L 0.06102303 0.07873996 0.12007795 0.07873996 2 P 0 
L 0.06299203 0.07677205 0.12007795 0.07677205 2 P 0 
L 0.06692904 0.07480295 0.12007795 0.07480295 2 P 0 
L 0.06889705 0.07283504 0.11811004 0.07283504 2 P 0 
L 0.07086604 0.07086604 0.11811004 0.07086604 2 P 0 
L 0.07283396 0.06889803 0.11811004 0.06889803 2 P 0 
L 0.07480295 0.06692904 0.11811004 0.06692904 2 P 0 
L 0.07677096 0.06496102 0.11811004 0.06496102 2 P 0 
L 0.07873996 0.06299203 0.11811004 0.06299203 2 P 0 
L 0.08070797 0.06102402 0.11811004 0.06102402 2 P 0 
L 0.08070797 0.05905502 0.11811004 0.05905502 2 P 0 
L 0.08267697 0.05708701 0.11811004 0.05708701 2 P 0 
L 0.08267697 0.05511801 0.12007795 0.05511801 2 P 0 
L 0.08464498 0.05315 0.12007795 0.05315 2 P 0 
L 0.08661398 0.051181 0.12007795 0.051181 2 P 0 
L 0.08661398 0.04921299 0.12007795 0.04921299 2 P 0 
L 0.08858199 0.047244 0.11811004 0.047244 2 P 0 
L 0.08858199 0.04527598 0.12007795 0.04527598 2 P 0 
L 0.09055098 0.04330699 0.12007795 0.04330699 2 P 0 
L 0.09055098 0.04133898 0.12007795 0.04133898 2 P 0 
L 0.092519 0.03936998 0.12007795 0.03936998 2 P 0 
L 0.092519 0.03740197 0.12007795 0.03740197 2 P 0 
L 0.09448799 0.03543297 0.12007795 0.03543297 2 P 0 
L 0.09448799 0.03346496 0.12007795 0.03346496 2 P 0 
L 0.09448799 0.03149596 0.12007795 0.03149596 2 P 0 
L 0.09448799 0.02952795 0.12007795 0.02952795 2 P 0 
L 0.096456 0.02755896 0.12007795 0.02755896 2 P 0 
L 0.096456 0.02559104 0.12007795 0.02559104 2 P 0 
L 0.096456 0.02362205 0.12007795 0.02362205 2 P 0 
L 0.098425 0.02165404 0.12007795 0.02165404 2 P 0 
L 0.098425 0.01968504 0.12007795 0.01968504 2 P 0 
L 0.098425 0.01771703 0.12007795 0.01771703 2 P 0 
L 0.098425 0.01574803 0.12007795 0.01574803 2 P 0 
L 0.098425 0.01378002 0.12007795 0.01378002 2 P 0 
L 0.098425 0.01181102 0.12007795 0.01181102 2 P 0 
L 0.098425 0.00984301 0.12007795 0.00984301 2 P 0 
L 0.10039301 0.00787402 0.12007795 0.00787402 2 P 0 
L 0.10039301 0.005906 0.12007795 0.005906 2 P 0 
L 0.10039301 0.00393701 0.12007795 0.00393701 2 P 0 
L 0.10039301 0.001969 0.12007795 0.001969 2 P 0 
L 0.10039301 0 0.12007795 0 2 P 0 
S P 0;0
OB -0.161417322835 -0.161417322835 I
OS -0.161417322835 0.161417322835
OS 0.161417322835 0.161417322835
OS 0.161417322835 -0.161417322835
OS -0.161417322835 -0.161417322835
OE
OB -0.133858267717 -0.133858267717 H
OS 0.133858267717 -0.133858267717
OS 0.133858267717 0.133858267717
OS -0.133858267717 0.133858267717
OS -0.133858267717 -0.133858267717
OE
SE
