#
#Feature symbol names
#
$0 r3.937
$1 r7.874
$2 s19.685

#
#Feature attribute names
#
@0 .pattern_fill

#
#Layer features
#
L 0.00003996 -0.098425 0.01 -0.09791299 0 P 34 
L 0.01 -0.09791299 0.01984301 -0.09641703 0 P 34 
L 0.01984301 -0.09641703 0.02948799 -0.09389705 0 P 34 
L 0.02948799 -0.09389705 0.03885896 -0.09043199 0 P 34 
L 0.03885896 -0.09043199 0.04779596 -0.08606201 0 P 34 
L 0.04779596 -0.08606201 0.05626004 -0.08078701 0 P 34 
L 0.05626004 -0.08078701 0.06413396 -0.07468396 0 P 34 
L 0.06413396 -0.07468396 0.07137795 -0.06779498 0 P 34 
L 0.07137795 -0.06779498 0.07787402 -0.06023602 0 P 34 
L 0.07787402 -0.06023602 0.08358297 -0.05204705 0 P 34 
L 0.08358297 -0.05204705 0.088425 -0.04334596 0 P 34 
L 0.088425 -0.04334596 0.09232303 -0.03417303 0 P 34 
L 0.09232303 -0.03417303 0.09531496 -0.02468396 0 P 34 
L 0.09531496 -0.02468396 0.09732303 -0.01492096 0 P 34 
L 0.09732303 -0.01492096 0.09834705 -0.00499902 0 P 34 
L 0.09834705 -0.00499902 0.09834705 0.00500098 0 P 34 
L 0.09834705 0.00500098 0.09732303 0.01492205 0 P 34 
L 0.09732303 0.01492205 0.09531496 0.02468602 0 P 34 
L 0.09531496 0.02468602 0.09232303 0.03417402 0 P 34 
L 0.09232303 0.03417402 0.088425 0.04334705 0 P 34 
L 0.088425 0.04334705 0.08358297 0.05204803 0 P 34 
L 0.08358297 0.05204803 0.07787402 0.06023701 0 P 34 
L 0.07787402 0.06023701 0.07137795 0.06779596 0 P 34 
L 0.07137795 0.06779596 0.06413396 0.07468602 0 P 34 
L 0.06413396 0.07468602 0.05626004 0.08078799 0 P 34 
L 0.05626004 0.08078799 0.04779596 0.08606398 0 P 34 
L 0.04779596 0.08606398 0.03885896 0.09043396 0 P 34 
L 0.03885896 0.09043396 0.02948799 0.09389803 0 P 34 
L 0.02948799 0.09389803 0.01984301 0.09641801 0 P 34 
L 0.01984301 0.09641801 0.01 0.09791398 0 P 34 
L 0.01 0.09791398 0.00003996 0.09842598 0 P 34 
L 0.00003996 0.09842598 -0.00992096 0.09791398 0 P 34 
L -0.00992096 0.09791398 -0.01976299 0.09641801 0 P 34 
L -0.01976299 0.09641801 -0.02940896 0.09389803 0 P 34 
L -0.02940896 0.09389803 -0.03877904 0.09043396 0 P 34 
L -0.03877904 0.09043396 -0.04771604 0.08606398 0 P 34 
L -0.04771604 0.08606398 -0.056181 0.08078799 0 P 34 
L -0.056181 0.08078799 -0.06405502 0.07468602 0 P 34 
L -0.06405502 0.07468602 -0.07129902 0.06779596 0 P 34 
L -0.07129902 0.06779596 -0.07779498 0.06023701 0 P 34 
L -0.07779498 0.06023701 -0.08350404 0.05204803 0 P 34 
L -0.08350404 0.05204803 -0.08834596 0.04334705 0 P 34 
L -0.08834596 0.04334705 -0.092244 0.03417402 0 P 34 
L -0.092244 0.03417402 -0.09523602 0.02468602 0 P 34 
L -0.09523602 0.02468602 -0.097244 0.01492205 0 P 34 
L -0.097244 0.01492205 -0.09826703 0.00500098 0 P 34 
L -0.09826703 0.00500098 -0.09826703 -0.00499902 0 P 34 
L -0.09826703 -0.00499902 -0.097244 -0.01492096 0 P 34 
L -0.097244 -0.01492096 -0.09523602 -0.02468396 0 P 34 
L -0.09523602 -0.02468396 -0.092244 -0.03417303 0 P 34 
L -0.092244 -0.03417303 -0.08834596 -0.04334596 0 P 34 
L -0.08834596 -0.04334596 -0.08350404 -0.05204705 0 P 34 
L -0.08350404 -0.05204705 -0.07779498 -0.06023602 0 P 34 
L -0.07779498 -0.06023602 -0.07129902 -0.06779498 0 P 34 
L -0.07129902 -0.06779498 -0.06405502 -0.07468396 0 P 34 
L -0.06405502 -0.07468396 -0.056181 -0.08078701 0 P 34 
L -0.056181 -0.08078701 -0.04771604 -0.08606201 0 P 34 
L -0.04771604 -0.08606201 -0.03877904 -0.09043199 0 P 34 
L -0.03877904 -0.09043199 -0.02940896 -0.09389705 0 P 34 
L -0.02940896 -0.09389705 -0.01976299 -0.09641703 0 P 34 
L -0.01976299 -0.09641703 -0.00992096 -0.09791299 0 P 34 
L -0.00992096 -0.09791299 0.00003996 -0.098425 0 P 34 
L 0.02822904 -0.03665295 0.02822904 -0.03062904 1 P 37 
L 0.02822904 -0.03062904 0.03011801 -0.02661398 1 P 37 
L 0.03011801 -0.02661398 0.031969 -0.024606 1 P 37 
L 0.031969 -0.024606 0.03574803 -0.02259803 1 P 37 
L 0.03574803 -0.02259803 0.04700797 -0.02259803 1 P 37 
L 0.04700797 -0.02259803 0.05074803 -0.024606 1 P 37 
L 0.05074803 -0.024606 0.05263799 -0.02661398 1 P 37 
L 0.05263799 -0.02661398 0.05452795 -0.03062904 1 P 37 
L 0.05452795 -0.03062904 0.05452795 -0.03665295 1 P 37 
L 0.05452795 -0.03665295 0.05263799 -0.040669 1 P 37 
L 0.05263799 -0.040669 0.05074803 -0.04267697 1 P 37 
L 0.05074803 -0.04267697 0.02822904 -0.05677096 1 P 37 
L 0.02822904 -0.05677096 0.02822904 -0.06279498 1 P 37 
L 0.02822904 -0.06279498 0.05452795 -0.06279498 1 P 37 
L -0.05444902 0.04799301 -0.05444902 0.05401604 1 P 37 
L -0.05444902 0.05401604 -0.05255896 0.05803199 1 P 37 
L -0.05255896 0.05803199 -0.05070797 0.06003996 1 P 37 
L -0.05070797 0.06003996 -0.04692904 0.06204803 1 P 37 
L -0.04692904 0.06204803 -0.035669 0.06204803 1 P 37 
L -0.035669 0.06204803 -0.03192904 0.06003996 1 P 37 
L -0.03192904 0.06003996 -0.03003898 0.05803199 1 P 37 
L -0.03003898 0.05803199 -0.02814902 0.05401604 1 P 37 
L -0.02814902 0.05401604 -0.02814902 0.04799301 1 P 37 
L -0.02814902 0.04799301 -0.03003898 0.04397697 1 P 37 
L -0.03003898 0.04397697 -0.03192904 0.041969 1 P 37 
L -0.03192904 0.041969 -0.05444902 0.027875 1 P 37 
L -0.05444902 0.027875 -0.05444902 0.02185098 1 P 37 
L -0.05444902 0.02185098 -0.02814902 0.02185098 1 P 37 
L -0.12791299 -0.12795197 -0.12791299 0.12795295 2 P 36 
L -0.12791299 0.12795295 0.12799203 0.12795295 2 P 36 
L 0.12799203 0.12795295 0.12799203 -0.12795197 2 P 36 
L -0.09838602 0.00000098 0.09814203 0.00000098 0 P 34 
L 0.00003996 0.09842598 0.00003996 -0.098425 0 P 34 
L 0.00200797 0.09645699 0.00200797 0.001969 0 P 34 
L 0.00200797 0.001969 0.09649596 0.001969 0 P 34 
L 0.00397697 0.09645699 0.00397697 0.00393799 0 P 34 
L 0.00397697 0.00393799 0.09649596 0.00393799 0 P 34 
L 0.00594498 0.09645699 0.00594498 0.005906 0 P 34 
L 0.00594498 0.005906 0.09649596 0.005906 0 P 34 
L 0.00791398 0.09645699 0.00791398 0.007875 0 P 34 
L 0.00791398 0.007875 0.09649596 0.007875 0 P 34 
L -0.033425 -0.09055098 -0.033425 -0.03346398 0 P 34 
L -0.033425 -0.03346398 -0.09051201 -0.03346398 0 P 34 
L -0.031456 -0.092519 -0.031456 -0.03149498 0 P 34 
L -0.031456 -0.03149498 -0.09248002 -0.03149498 0 P 34 
L -0.02948799 -0.092519 -0.02948799 -0.02952697 0 P 34 
L -0.02948799 -0.02952697 -0.09248002 -0.02952697 0 P 34 
L -0.027519 -0.092519 -0.027519 -0.02755797 0 P 34 
L -0.027519 -0.02755797 -0.09248002 -0.02755797 0 P 34 
L -0.02555098 -0.09448799 -0.02555098 -0.02558996 0 P 34 
L -0.02555098 -0.02558996 -0.09444902 -0.02558996 0 P 34 
L -0.02358199 -0.09448799 -0.02358199 -0.02362096 0 P 34 
L -0.02358199 -0.02362096 -0.09444902 -0.02362096 0 P 34 
L -0.02161398 -0.09448799 -0.02161398 -0.02165295 0 P 34 
L -0.02161398 -0.02165295 -0.09444902 -0.02165295 0 P 34 
L -0.01964498 -0.09448799 -0.01964498 -0.01968396 0 P 34 
L -0.01964498 -0.01968396 -0.09444902 -0.01968396 0 P 34 
L -0.01767697 -0.096456 -0.01767697 -0.01771604 0 P 34 
L -0.01767697 -0.01771604 -0.09641703 -0.01771604 0 P 34 
L -0.01570797 -0.096456 -0.01570797 -0.01574705 0 P 34 
L -0.01570797 -0.01574705 -0.09641703 -0.01574705 0 P 34 
L -0.01373996 -0.096456 -0.01373996 -0.01377904 0 P 34 
L -0.01373996 -0.01377904 -0.09641703 -0.01377904 0 P 34 
L -0.01177096 -0.096456 -0.01177096 -0.01181004 0 P 34 
L -0.01177096 -0.01181004 -0.09641703 -0.01181004 0 P 34 
L -0.00980295 -0.096456 -0.00980295 -0.00984203 0 P 34 
L -0.00980295 -0.00984203 -0.09641703 -0.00984203 0 P 34 
L -0.00783396 -0.096456 -0.00783396 -0.00787303 0 P 34 
L -0.00783396 -0.00787303 -0.09641703 -0.00787303 0 P 34 
L -0.00586604 -0.096456 -0.00586604 -0.00590502 0 P 34 
L -0.00586604 -0.00590502 -0.09641703 -0.00590502 0 P 34 
L -0.00389705 -0.096456 -0.00389705 -0.00393602 0 P 34 
L -0.00389705 -0.00393602 -0.09641703 -0.00393602 0 P 34 
L -0.00192904 -0.096456 -0.00192904 -0.00196801 0 P 34 
L -0.00192904 -0.00196801 -0.09641703 -0.00196801 0 P 34 
L -0.06688898 -0.06889705 -0.06688898 -0.06692904 0 P 34 
L -0.06688898 -0.06692904 -0.06885797 -0.06692904 0 P 34 
L -0.06492096 -0.07086604 -0.06492096 -0.06496004 0 P 34 
L -0.06492096 -0.06496004 -0.07082598 -0.06496004 0 P 34 
L -0.06295197 -0.07283396 -0.06295197 -0.06299203 0 P 34 
L -0.06295197 -0.06299203 -0.07279498 -0.06299203 0 P 34 
L -0.06098396 -0.07480295 -0.06098396 -0.06102303 0 P 34 
L -0.06098396 -0.06102303 -0.07476299 -0.06102303 0 P 34 
L -0.05901496 -0.07677096 -0.05901496 -0.05905502 0 P 34 
L -0.05901496 -0.05905502 -0.07673199 -0.05905502 0 P 34 
L -0.05704705 -0.07873996 -0.05704705 -0.05708602 0 P 34 
L -0.05704705 -0.05708602 -0.0787 -0.05708602 0 P 34 
L -0.05507795 -0.08070797 -0.05507795 -0.05511703 0 P 34 
L -0.05507795 -0.05511703 -0.080669 -0.05511703 0 P 34 
L -0.05311004 -0.08267697 -0.05311004 -0.05314902 0 P 34 
L -0.05311004 -0.05314902 -0.08263701 -0.05314902 0 P 34 
L -0.05114104 -0.08267697 -0.05114104 -0.05118002 0 P 34 
L -0.05114104 -0.05118002 -0.08263701 -0.05118002 0 P 34 
L -0.04917303 -0.08464498 -0.04917303 -0.04921201 0 P 34 
L -0.04917303 -0.04921201 -0.084606 -0.04921201 0 P 34 
L -0.04720404 -0.08464498 -0.04720404 -0.04724301 0 P 34 
L -0.04720404 -0.04724301 -0.084606 -0.04724301 0 P 34 
L -0.04523602 -0.08661398 -0.04523602 -0.045275 0 P 34 
L -0.04523602 -0.045275 -0.086575 -0.045275 0 P 34 
L -0.04326703 -0.08661398 -0.04326703 -0.043306 0 P 34 
L -0.04326703 -0.043306 -0.086575 -0.043306 0 P 34 
L -0.04129902 -0.08858199 -0.04129902 -0.043306 0 P 34 
L -0.04129902 -0.043306 -0.04129902 -0.04133799 0 P 34 
L -0.04129902 -0.04133799 -0.08854301 -0.04133799 0 P 34 
L -0.03933002 -0.08858199 -0.03933002 -0.039369 0 P 34 
L -0.03933002 -0.039369 -0.08854301 -0.039369 0 P 34 
L -0.03736201 -0.09055098 -0.03736201 -0.03740098 0 P 34 
L -0.03736201 -0.03740098 -0.09051201 -0.03740098 0 P 34 
L -0.03539301 -0.09055098 -0.03539301 -0.03543199 0 P 34 
L -0.03539301 -0.03543199 -0.09051201 -0.03543199 0 P 34 
L 0.00988199 0.09645699 0.00988199 0.00984301 0 P 34 
L 0.00988199 0.00984301 0.09649596 0.00984301 0 P 34 
L 0.01185098 0.09645699 0.01185098 0.01181201 0 P 34 
L 0.01185098 0.01181201 0.09649596 0.01181201 0 P 34 
L 0.013819 0.09645699 0.013819 0.01378002 0 P 34 
L 0.013819 0.01378002 0.09649596 0.01378002 0 P 34 
L 0.01578799 0.09645699 0.01578799 0.01574902 0 P 34 
L 0.01578799 0.01574902 0.09649596 0.01574902 0 P 34 
L 0.017756 0.09645699 0.017756 0.01771703 0 P 34 
L 0.017756 0.01771703 0.09649596 0.01771703 0 P 34 
L 0.019725 0.09448898 0.019725 0.01968602 0 P 34 
L 0.019725 0.01968602 0.09452795 0.01968602 0 P 34 
L 0.02169301 0.09448898 0.02169301 0.02165404 0 P 34 
L 0.02169301 0.02165404 0.09452795 0.02165404 0 P 34 
L 0.02366201 0.09448898 0.02366201 0.02362303 0 P 34 
L 0.02366201 0.02362303 0.09452795 0.02362303 0 P 34 
L 0.02563002 0.09448898 0.02563002 0.02559104 0 P 34 
L 0.02563002 0.02559104 0.09452795 0.02559104 0 P 34 
L 0.02759902 0.09251998 0.02759902 0.02756004 0 P 34 
L 0.02759902 0.02756004 0.09255896 0.02756004 0 P 34 
L 0.02956703 0.09251998 0.02956703 0.02952795 0 P 34 
L 0.02956703 0.02952795 0.09255896 0.02952795 0 P 34 
L 0.03153602 0.09251998 0.03153602 0.03149705 0 P 34 
L 0.03153602 0.03149705 0.09255896 0.03149705 0 P 34 
L 0.03350404 0.09055197 0.03350404 0.03346496 0 P 34 
L 0.03350404 0.03346496 0.09059104 0.03346496 0 P 34 
L 0.03547303 0.09055197 0.03547303 0.03543396 0 P 34 
L 0.03547303 0.03543396 0.09059104 0.03543396 0 P 34 
L 0.03744104 0.09055197 0.03744104 0.03740197 0 P 34 
L 0.03744104 0.03740197 0.09059104 0.03740197 0 P 34 
L 0.03941004 0.08858297 0.03941004 0.03937096 0 P 34 
L 0.03941004 0.03937096 0.08862205 0.03937096 0 P 34 
L 0.04137795 0.08858297 0.04137795 0.04330797 0 P 34 
L 0.04137795 0.04330797 0.04137795 0.04133898 0 P 34 
L 0.04137795 0.04133898 0.08862205 0.04133898 0 P 34 
L 0.04334705 0.08661496 0.04334705 0.04330797 0 P 34 
L 0.04334705 0.04330797 0.08665404 0.04330797 0 P 34 
L 0.04531496 0.08661496 0.04531496 0.04527598 0 P 34 
L 0.04531496 0.04527598 0.08665404 0.04527598 0 P 34 
L 0.04728396 0.08464596 0.04728396 0.04724498 0 P 34 
L 0.04728396 0.04724498 0.08468504 0.04724498 0 P 34 
L 0.04925197 0.08464596 0.04925197 0.04921299 0 P 34 
L 0.04925197 0.04921299 0.08468504 0.04921299 0 P 34 
L 0.05122096 0.08267795 0.05122096 0.05118199 0 P 34 
L 0.05122096 0.05118199 0.08271703 0.05118199 0 P 34 
L 0.05318898 0.08267795 0.05318898 0.05315 0 P 34 
L 0.05318898 0.05315 0.08271703 0.05315 0 P 34 
L 0.05515797 0.08070896 0.05515797 0.055119 0 P 34 
L 0.05515797 0.055119 0.08074803 0.055119 0 P 34 
L 0.05712598 0.07874104 0.05712598 0.05708701 0 P 34 
L 0.05712598 0.05708701 0.07878002 0.05708701 0 P 34 
L 0.05909498 0.07677205 0.05909498 0.059056 0 P 34 
L 0.05909498 0.059056 0.07681102 0.059056 0 P 34 
L 0.06106299 0.07480404 0.06106299 0.06102402 0 P 34 
L 0.06106299 0.06102402 0.07484301 0.06102402 0 P 34 
L 0.06303199 0.07283504 0.06303199 0.06299301 0 P 34 
L 0.06303199 0.06299301 0.07287402 0.06299301 0 P 34 
L 0.065 0.07086703 0.065 0.06496102 0 P 34 
L 0.065 0.06496102 0.070906 0.06496102 0 P 34 
L 0.066969 0.06889803 0.066969 0.06693002 0 P 34 
L 0.066969 0.06693002 0.06893701 0.06693002 0 P 34 
L 0.12795197 -0.12795295 -0.12795295 -0.12795295 2 P 0 
S P 0;0
OB -0.161417322835 -0.161417322835 I
OS -0.161417322835 0.161417322835
OS 0.161417322835 0.161417322835
OS 0.161417322835 -0.161417322835
OS -0.161417322835 -0.161417322835
OE
OB -0.133858267717 -0.133858267717 H
OS 0.133858267717 -0.133858267717
OS 0.133858267717 0.133858267717
OS -0.133858267717 0.133858267717
OS -0.133858267717 -0.133858267717
OE
SE
S P 0
OB -0.127952755906 -0.135826771654 I
OS -0.127952755906 0.13188976378
OS 0.143700787402 0.13188976378
OS 0.143700787402 -0.135826771654
OS -0.127952755906 -0.135826771654
OE
OB -0.098386023622 0.000000984252 H
OS -0.098267027559 -0.000325492126
OS -0.098267027559 -0.004999015748
OS -0.097243996063 -0.014920964567
OS -0.095236023622 -0.024683956693
OS -0.092244291339 -0.03417234252
OS -0.08834980315 -0.043336811024
OS -0.083504035433 -0.052047047244
OS -0.07779488189 -0.060236122047
OS -0.071299409449 -0.067794586614
OS -0.064055019685 -0.074683956693
OS -0.056187598425 -0.080781889764
OS -0.047721555118 -0.086058562992
OS -0.038778937008 -0.090431988189
OS -0.029408562992 -0.093897145669
OS -0.019762992126 -0.096417027559
OS -0.009920767717 -0.097912992126
OS 0.00003996063 -0.098425
OS 0.00999980315 -0.097912992126
OS 0.019835433071 -0.096418208661
OS 0.029487795276 -0.093897145669
OS 0.038851968504 -0.090434547244
OS 0.047795964567 -0.086062007874
OS 0.056254429134 -0.080790452756
OS 0.064133858268 -0.074684055118
OS 0.071377952756 -0.067794980315
OS 0.077873720472 -0.060236515748
OS 0.083582972441 -0.052047047244
OS 0.08842480315 -0.043346358268
OS 0.092323031496 -0.034173031496
OS 0.095314862205 -0.024684350394
OS 0.09732234252 -0.014924212598
OS 0.098347047244 -0.004999212598
OS 0.098347047244 0.005000787402
OS 0.097322933071 0.01492253937
OS 0.09531496063 0.024686023622
OS 0.09232480315 0.034168307087
OS 0.088425 0.043347047244
OS 0.083583366142 0.052047440945
OS 0.077874015748 0.060237007874
OS 0.071378543307 0.067795472441
OS 0.064136614173 0.074683464567
OS 0.05625984252 0.080788090551
OS 0.047795964567 0.086063976378
OS 0.038859153543 0.090433858268
OS 0.029487598425 0.093898129921
OS 0.019842913386 0.096418011811
OS 0.01 0.097913976378
OS 0.00003996063 0.098425984252
OS -0.009914665354 0.097914271654
OS -0.01976269685 0.096418110236
OS -0.029408956693 0.093898031496
OS -0.038779232283 0.090433858268
OS -0.047715649606 0.086064173228
OS -0.056180610236 0.080788287402
OS -0.06405511811 0.074685925197
OS -0.071299015748 0.067795964567
OS -0.07779488189 0.060237106299
OS -0.083503838583 0.052048326772
OS -0.088345767717 0.043347440945
OS -0.092243996063 0.034174015748
OS -0.095236023622 0.024686023622
OS -0.097243897638 0.01492253937
OS -0.098267027559 0.005000984252
OS -0.098267027559 0.00032746063
OS -0.098386023622 0.000000984252
OE
SE
